0.000000, 
100.000000, 
200.000000, 1, 
300.000000, 
400.000000, 
500.000000, 1, 
600.000000, 
700.000000, 6, 
800.000000, 2, 4, 
900.000000, 5, 9, 7, 
1000.000000, 13, 
1100.000000, 4, 
1200.000000, 1, 7, 10, 7, 3, 2, 
1300.000000, 6, 
1400.000000, 
1500.000000, 14, 
1600.000000, 7, 26, 5, 8, 
1700.000000, 20, 3, 8, 7, 25, 2, 
1800.000000, 24, 1, 
1900.000000, 12, 10, 4, 13, 16, 4, 1, 5, 19, 
2000.000000, 15, 12, 21, 2, 23, 10, 
2100.000000, 3, 
2200.000000, 9, 3, 26, 
2300.000000, 30, 1, 9, 14, 12, 
2400.000000, 5, 7, 6, 11, 
2500.000000, 40, 23, 19, 5, 26, 
2600.000000, 36, 2, 2, 3, 
2700.000000, 1, 33, 20, 6, 13, 16, 1, 37, 
2800.000000, 13, 26, 13, 22, 26, 16, 5, 
2900.000000, 35, 33, 26, 10, 15, 29, 3, 24, 25, 
3000.000000, 21, 5, 15, 14, 7, 35, 16, 13, 17, 
3100.000000, 12, 24, 16, 
3200.000000, 40, 21, 5, 17, 17, 
3300.000000, 1, 15, 34, 40, 38, 
3400.000000, 14, 24, 15, 17, 30, 16, 18, 14, 
3500.000000, 8, 6, 26, 38, 23, 41, 
3600.000000, 17, 29, 52, 8, 8, 17, 
3700.000000, 8, 4, 45, 17, 45, 13, 18, 14, 
3800.000000, 17, 50, 38, 19, 13, 4, 
3900.000000, 44, 45, 33, 40, 31, 50, 28, 17, 51, 
4000.000000, 26, 36, 15, 4, 25, 8, 13, 
4100.000000, 5, 13, 22, 39, 38, 20, 27, 39, 7, 53, 16, 
4200.000000, 8, 7, 62, 2, 42, 19, 11, 36, 15, 1, 49, 15, 
4300.000000, 25, 29, 40, 3, 33, 16, 
4400.000000, 3, 44, 12, 22, 39, 21, 66, 9, 43, 10, 10, 34, 
4500.000000, 78, 30, 30, 31, 10, 34, 47, 6, 30, 65, 
4600.000000, 14, 16, 35, 32, 45, 53, 17, 41, 56, 4, 42, 24, 12, 6, 
4700.000000, 29, 10, 18, 32, 54, 30, 1, 8, 43, 51, 
4800.000000, 79, 11, 34, 20, 27, 28, 69, 
4900.000000, 45, 50, 10, 29, 24, 68, 18, 32, 35, 53, 57, 
5000.000000, 30, 21, 34, 18, 25, 42, 25, 16, 53, 31, 13, 21, 79, 39, 30, 
5100.000000, 21, 9, 40, 30, 41, 18, 38, 8, 46, 12, 67, 71, 62, 
5200.000000, 24, 66, 41, 101, 
5300.000000, 15, 29, 32, 69, 77, 22, 4, 33, 53, 58, 43, 
5400.000000, 16, 87, 8, 17, 70, 16, 79, 12, 59, 46, 75, 
5500.000000, 58, 9, 57, 11, 27, 62, 73, 32, 11, 23, 47, 31, 14, 2, 
5600.000000, 24, 35, 12, 57, 56, 48, 45, 
5700.000000, 77, 4, 13, 38, 6, 74, 59, 57, 59, 34, 47, 
5800.000000, 55, 86, 37, 75, 85, 35, 7, 26, 78, 67, 27, 5, 85, 51, 
5900.000000, 48, 22, 23, 39, 11, 86, 29, 52, 10, 37, 
6000.000000, 60, 11, 44, 11, 20, 20, 28, 43, 57, 1, 1, 33, 
6100.000000, 60, 74, 45, 6, 57, 5, 5, 50, 82, 17, 46, 8, 70, 3, 87, 37, 
6200.000000, 1, 16, 101, 30, 1, 2, 7, 106, 22, 41, 5, 78, 43, 27, 
6300.000000, 96, 79, 34, 66, 26, 44, 7, 53, 13, 
6400.000000, 10, 2, 28, 30, 3, 28, 18, 21, 
6500.000000, 30, 9, 34, 58, 115, 80, 55, 27, 69, 57, 19, 18, 86, 
6600.000000, 26, 48, 25, 69, 36, 12, 27, 45, 90, 106, 107, 47, 34, 34, 
6700.000000, 29, 93, 75, 5, 2, 28, 7, 1, 86, 9, 53, 2, 86, 84, 28, 
6800.000000, 45, 24, 8, 83, 62, 61, 9, 25, 113, 49, 23, 10, 42, 22, 28, 65, 
6900.000000, 114, 69, 35, 111, 62, 49, 60, 105, 19, 48, 67, 96, 88, 9, 3, 32, 8, 66, 
7000.000000, 67, 36, 18, 28, 23, 47, 118, 74, 2, 23, 60, 27, 35, 32, 38, 1, 36, 
7100.000000, 16, 49, 24, 45, 112, 44, 93, 44, 36, 13, 75, 9, 60, 44, 53, 71, 51, 22, 98, 58, 46, 48, 
7200.000000, 23, 48, 45, 29, 20, 37, 26, 101, 35, 
7300.000000, 16, 50, 26, 17, 14, 115, 39, 6, 45, 40, 40, 96, 114, 
7400.000000, 6, 4, 60, 31, 107, 25, 66, 114, 48, 14, 47, 
7500.000000, 113, 44, 14, 139, 71, 5, 29, 95, 41, 64, 33, 25, 2, 68, 51, 87, 53, 70, 44, 
7600.000000, 13, 109, 129, 22, 44, 26, 75, 14, 46, 97, 46, 7, 59, 10, 18, 29, 27, 17, 37, 
7700.000000, 56, 74, 68, 3, 30, 14, 79, 11, 29, 2, 56, 20, 7, 21, 30, 38, 4, 35, 37, 44, 
7800.000000, 20, 63, 28, 11, 121, 7, 100, 119, 103, 32, 3, 54, 160, 57, 12, 8, 1, 17, 
7900.000000, 20, 3, 19, 34, 38, 29, 113, 4, 42, 29, 14, 60, 52, 87, 13, 70, 76, 99, 45, 18, 115, 3, 22, 50, 86, 34, 24, 131, 
8000.000000, 40, 17, 5, 4, 62, 35, 75, 75, 6, 21, 11, 22, 53, 10, 
8100.000000, 158, 87, 136, 59, 94, 34, 68, 57, 5, 18, 55, 43, 107, 127, 72, 38, 51, 117, 44, 
8200.000000, 10, 56, 71, 52, 59, 64, 88, 108, 55, 53, 19, 31, 21, 9, 
8300.000000, 79, 6, 30, 11, 40, 41, 7, 107, 133, 106, 37, 59, 63, 16, 64, 10, 6, 37, 47, 76, 51, 
8400.000000, 8, 130, 2, 71, 119, 5, 60, 22, 94, 146, 136, 108, 
8500.000000, 32, 108, 50, 124, 45, 57, 9, 36, 28, 125, 157, 33, 151, 118, 101, 3, 1, 
8600.000000, 12, 86, 39, 30, 65, 35, 65, 16, 56, 129, 58, 9, 63, 24, 102, 21, 87, 97, 
8700.000000, 107, 5, 152, 41, 100, 9, 24, 89, 71, 70, 117, 36, 20, 36, 13, 50, 74, 104, 12, 102, 
8800.000000, 87, 88, 62, 134, 148, 139, 133, 45, 92, 18, 40, 171, 86, 41, 39, 18, 86, 8, 35, 
8900.000000, 66, 41, 13, 67, 124, 96, 103, 22, 140, 56, 148, 27, 49, 11, 127, 64, 45, 137, 17, 141, 64, 48, 
9000.000000, 169, 31, 14, 54, 48, 101, 73, 18, 94, 92, 33, 64, 49, 1, 110, 20, 5, 44, 162, 
9100.000000, 81, 3, 58, 79, 97, 114, 51, 94, 28, 17, 20, 56, 61, 12, 5, 131, 85, 159, 39, 
9200.000000, 90, 38, 36, 37, 63, 66, 11, 136, 88, 18, 165, 34, 42, 121, 27, 108, 133, 51, 21, 60, 1, 91, 
9300.000000, 136, 54, 37, 49, 30, 8, 22, 60, 71, 4, 92, 128, 26, 104, 16, 30, 45, 55, 44, 77, 4, 46, 26, 17, 1, 
9400.000000, 90, 117, 38, 28, 13, 5, 59, 126, 40, 2, 11, 5, 23, 21, 15, 48, 87, 2, 23, 
9500.000000, 8, 44, 11, 5, 15, 166, 93, 29, 45, 33, 44, 155, 44, 116, 44, 108, 51, 
9600.000000, 62, 109, 121, 28, 74, 92, 21, 131, 64, 120, 108, 100, 46, 20, 12, 81, 116, 30, 59, 37, 97, 49, 
9700.000000, 85, 9, 43, 50, 7, 69, 121, 106, 186, 44, 42, 165, 104, 177, 176, 7, 25, 76, 136, 
9800.000000, 29, 58, 1, 141, 53, 165, 18, 2, 145, 43, 71, 27, 39, 27, 17, 
9900.000000, 32, 56, 152, 103, 20, 4, 84, 44, 45, 29, 90, 80, 6, 25, 
10000.000000, 20, 17, 102, 88, 10, 68, 49, 72, 127, 26, 52, 59, 18, 22, 161, 5, 139, 106, 2, 105, 48, 
10100.000000, 47, 102, 173, 2, 81, 23, 75, 124, 55, 23, 24, 100, 11, 12, 146, 42, 7, 184, 94, 5, 25, 93, 
10200.000000, 47, 20, 114, 200, 40, 107, 207, 106, 39, 62, 153, 129, 171, 157, 33, 142, 111, 39, 90, 
10300.000000, 83, 99, 26, 59, 87, 62, 98, 41, 49, 66, 92, 85, 71, 44, 31, 8, 30, 58, 128, 141, 138, 
10400.000000, 20, 1, 56, 101, 87, 34, 37, 47, 33, 27, 54, 
10500.000000, 142, 67, 6, 154, 36, 191, 105, 53, 29, 104, 137, 36, 86, 98, 77, 136, 27, 21, 118, 169, 36, 5, 
10600.000000, 82, 215, 1, 155, 90, 28, 64, 120, 54, 48, 110, 108, 180, 82, 169, 171, 33, 39, 19, 130, 100, 
10700.000000, 99, 203, 57, 4, 52, 214, 20, 126, 93, 76, 25, 97, 89, 74, 22, 135, 166, 18, 65, 177, 
10800.000000, 85, 23, 6, 4, 66, 65, 1, 44, 168, 25, 101, 88, 49, 44, 86, 10, 51, 20, 26, 75, 1, 63, 80, 193, 
10900.000000, 30, 32, 148, 30, 5, 145, 110, 185, 30, 136, 27, 2, 82, 125, 103, 115, 91, 54, 11, 74, 117, 125, 87, 213, 143, 118, 192, 25, 36, 187, 
11000.000000, 27, 175, 31, 55, 34, 147, 92, 118, 14, 192, 106, 48, 82, 120, 148, 115, 163, 54, 58, 124, 33, 189, 212, 75, 49, 
11100.000000, 69, 2, 32, 180, 56, 89, 67, 32, 53, 53, 196, 47, 59, 51, 
11200.000000, 135, 27, 31, 190, 108, 13, 49, 93, 145, 16, 8, 9, 102, 15, 22, 8, 77, 152, 154, 60, 13, 169, 121, 14, 43, 
11300.000000, 14, 170, 68, 49, 124, 79, 59, 64, 103, 13, 13, 49, 1, 194, 8, 158, 215, 157, 188, 94, 103, 49, 141, 91, 12, 125, 
11400.000000, 80, 98, 56, 7, 26, 103, 30, 178, 38, 188, 101, 58, 139, 6, 66, 139, 107, 204, 15, 103, 
11500.000000, 117, 172, 92, 13, 8, 78, 121, 41, 55, 51, 44, 230, 126, 55, 159, 10, 20, 122, 31, 151, 153, 128, 110, 185, 149, 
11600.000000, 27, 18, 50, 7, 113, 87, 48, 4, 109, 63, 254, 166, 66, 43, 61, 143, 5, 43, 13, 26, 
11700.000000, 174, 11, 42, 85, 71, 3, 50, 136, 1, 4, 100, 2, 114, 175, 114, 26, 65, 32, 100, 169, 132, 170, 5, 184, 138, 182, 111, 69, 77, 85, 20, 
11800.000000, 114, 149, 83, 94, 52, 127, 44, 227, 23, 51, 199, 1, 138, 196, 2, 116, 92, 168, 7, 37, 8, 113, 23, 48, 14, 128, 196, 16, 196, 22, 
11900.000000, 39, 169, 69, 111, 168, 1, 16, 249, 118, 1, 270, 49, 93, 59, 10, 34, 198, 20, 29, 33, 
12000.000000, 128, 36, 48, 185, 155, 30, 86, 40, 189, 166, 23, 28, 42, 36, 40, 193, 57, 6, 95, 64, 42, 40, 61, 12, 58, 149, 44, 134, 171, 35, 
12100.000000, 144, 15, 27, 174, 45, 198, 95, 110, 58, 192, 83, 235, 26, 39, 141, 13, 248, 28, 17, 162, 18, 45, 32, 21, 124, 56, 63, 31, 170, 61, 85, 118, 43, 
12200.000000, 27, 97, 28, 2, 15, 18, 22, 67, 155, 150, 45, 140, 70, 37, 273, 177, 15, 169, 
12300.000000, 210, 90, 80, 14, 219, 230, 142, 73, 40, 43, 60, 61, 90, 33, 99, 184, 59, 14, 95, 96, 121, 20, 141, 28, 111, 129, 190, 
12400.000000, 204, 54, 165, 60, 138, 14, 190, 50, 21, 94, 149, 31, 19, 233, 4, 10, 131, 62, 23, 15, 128, 72, 173, 192, 39, 10, 
12500.000000, 49, 239, 162, 143, 4, 41, 203, 19, 112, 54, 28, 131, 85, 224, 43, 132, 97, 144, 32, 51, 127, 224, 23, 78, 173, 108, 12, 
12600.000000, 233, 186, 86, 16, 234, 107, 171, 59, 78, 138, 73, 9, 136, 187, 128, 33, 15, 8, 
12700.000000, 276, 253, 83, 38, 94, 15, 166, 129, 2, 98, 20, 134, 153, 335, 66, 68, 197, 78, 196, 56, 57, 20, 166, 56, 26, 313, 135, 68, 198, 267, 137, 54, 74, 
12800.000000, 222, 190, 57, 152, 55, 232, 46, 78, 16, 30, 28, 271, 3, 48, 211, 200, 224, 132, 57, 185, 148, 168, 30, 28, 116, 163, 1, 
12900.000000, 98, 233, 133, 95, 98, 2, 263, 13, 109, 203, 18, 184, 4, 104, 205, 38, 279, 225, 175, 7, 186, 96, 51, 153, 11, 149, 219, 
13000.000000, 74, 67, 219, 194, 36, 38, 7, 32, 124, 242, 330, 276, 130, 25, 260, 61, 49, 267, 185, 64, 274, 187, 5, 193, 
13100.000000, 52, 96, 51, 254, 112, 197, 197, 58, 166, 208, 147, 44, 98, 31, 31, 63, 203, 148, 91, 125, 162, 120, 26, 84, 167, 71, 113, 197, 
13200.000000, 164, 172, 99, 11, 163, 203, 4, 160, 53, 100, 23, 112, 1, 58, 22, 179, 145, 43, 62, 14, 345, 60, 108, 119, 175, 9, 50, 162, 34, 242, 183, 171, 63, 301, 39, 236, 103, 174, 246, 79, 142, 53, 12, 219, 70, 37, 
13300.000000, 22, 115, 134, 120, 205, 157, 18, 77, 89, 76, 97, 118, 67, 276, 39, 208, 44, 208, 44, 117, 24, 260, 338, 9, 161, 116, 
13400.000000, 68, 36, 71, 171, 321, 141, 64, 70, 267, 29, 70, 190, 150, 104, 48, 108, 221, 123, 6, 218, 30, 69, 76, 45, 53, 16, 292, 21, 28, 244, 36, 
13500.000000, 18, 199, 254, 227, 77, 164, 32, 204, 111, 139, 32, 241, 97, 9, 253, 238, 274, 49, 30, 15, 59, 77, 207, 108, 
13600.000000, 231, 60, 6, 188, 137, 230, 61, 84, 321, 171, 238, 79, 97, 71, 301, 88, 291, 237, 126, 158, 4, 11, 287, 101, 133, 340, 
13700.000000, 10, 125, 121, 149, 258, 143, 91, 22, 32, 77, 4, 195, 251, 17, 24, 49, 40, 127, 270, 51, 114, 41, 64, 
13800.000000, 16, 265, 206, 297, 36, 100, 13, 285, 69, 78, 159, 5, 8, 5, 186, 231, 5, 28, 139, 169, 94, 144, 2, 52, 1, 186, 137, 20, 66, 55, 33, 243, 25, 
13900.000000, 95, 83, 224, 91, 227, 86, 18, 284, 55, 16, 81, 140, 14, 14, 210, 71, 111, 25, 80, 211, 121, 9, 191, 114, 20, 20, 38, 78, 
14000.000000, 260, 49, 278, 36, 316, 31, 35, 238, 112, 268, 351, 116, 80, 14, 77, 312, 244, 187, 118, 181, 40, 64, 86, 32, 26, 67, 
14100.000000, 176, 82, 184, 167, 104, 54, 129, 228, 16, 302, 250, 40, 105, 242, 345, 91, 110, 39, 163, 28, 29, 266, 248, 108, 9, 204, 220, 24, 8, 279, 277, 76, 
14200.000000, 83, 197, 12, 12, 31, 101, 100, 225, 45, 74, 80, 9, 115, 174, 66, 215, 148, 240, 303, 11, 72, 281, 
14300.000000, 135, 20, 93, 280, 356, 83, 16, 191, 346, 186, 340, 58, 174, 120, 29, 28, 34, 192, 95, 197, 4, 155, 62, 178, 74, 37, 34, 107, 156, 162, 48, 
14400.000000, 61, 92, 81, 105, 250, 29, 201, 100, 278, 120, 104, 121, 138, 229, 96, 105, 269, 100, 11, 9, 28, 60, 490, 164, 63, 25, 131, 15, 50, 292, 134, 74, 
14500.000000, 42, 405, 15, 233, 132, 28, 305, 2, 100, 193, 144, 21, 64, 116, 7, 219, 133, 127, 371, 277, 74, 219, 178, 72, 37, 30, 74, 23, 61, 17, 105, 81, 181, 6, 285, 9, 33, 65, 63, 122, 56, 279, 341, 
14600.000000, 182, 36, 179, 93, 129, 21, 130, 105, 100, 280, 24, 174, 95, 111, 301, 227, 70, 15, 30, 73, 37, 
14700.000000, 117, 109, 43, 195, 236, 305, 12, 274, 166, 114, 360, 16, 33, 121, 56, 183, 53, 84, 10, 160, 187, 17, 266, 43, 119, 17, 15, 141, 18, 62, 182, 15, 55, 101, 142, 182, 224, 56, 9, 37, 
14800.000000, 57, 239, 338, 46, 52, 233, 216, 47, 98, 4, 173, 10, 22, 429, 44, 84, 41, 21, 353, 12, 371, 312, 167, 434, 12, 85, 158, 29, 273, 17, 
14900.000000, 176, 324, 342, 23, 264, 333, 141, 215, 37, 147, 155, 100, 19, 31, 219, 418, 42, 80, 288, 136, 311, 79, 134, 42, 362, 2, 46, 79, 142, 334, 235, 213, 220, 
