  0.000   1.000
  0.010   1.000
  0.020   1.000
  0.030   1.000
  0.040   1.001
  0.050   1.001
  0.060   1.001
  0.070   1.001
  0.080   1.001
  0.090   1.001
  0.100   1.001
  0.110   1.001
  0.120   1.001
  0.130   1.001
  0.140   1.002
  0.150   1.002
  0.160   1.002
  0.170   1.002
  0.180   1.002
  0.190   1.002
  0.200   1.002
  0.210   1.002
  0.220   1.002
  0.230   1.002
  0.240   1.003
  0.250   1.003
  0.260   1.003
  0.270   1.003
  0.280   1.003
  0.290   1.003
  0.300   1.003
  0.310   1.003
  0.320   1.003
  0.330   1.003
  0.340   1.004
  0.350   1.004
  0.360   1.004
  0.370   1.004
  0.380   1.004
  0.390   1.004
  0.400   1.004
  0.410   1.004
  0.420   1.004
  0.430   1.004
  0.440   1.005
  0.450   1.005
  0.460   1.005
  0.470   1.005
  0.480   1.005
  0.490   1.005
  0.500   1.005
  0.510   1.005
  0.520   1.005
  0.530   1.005
  0.540   1.006
  0.550   1.006
  0.560   1.006
  0.570   1.006
  0.580   1.006
  0.590   1.006
  0.600   1.006
  0.610   1.006
  0.620   1.006
  0.630   1.006
  0.640   1.007
  0.650   1.007
  0.660   1.007
  0.670   1.007
  0.680   1.007
  0.690   1.007
  0.700   1.007
  0.710   1.007
  0.720   1.007
  0.730   1.007
  0.740   1.008
  0.750   1.008
  0.760   1.008
  0.770   1.008
  0.780   1.008
  0.790   1.008
  0.800   1.008
  0.810   1.008
  0.820   1.008
  0.830   1.008
  0.840   1.009
  0.850   1.009
  0.860   1.009
  0.870   1.009
  0.880   1.009
  0.890   1.009
  0.900   1.009
  0.910   1.009
  0.920   1.009
  0.930   1.009
  0.940   1.010
  0.950   1.010
  0.960   1.010
  0.970   1.010
  0.980   1.010
  0.990   1.010
  1.000   1.010
  1.010   1.010
  1.020   1.010
  1.030   1.010
  1.040   1.011
  1.050   1.011
  1.060   1.011
  1.070   1.011
  1.080   1.011
  1.090   1.011
  1.100   1.011
  1.110   1.011
  1.120   1.011
  1.130   1.011
  1.140   1.012
  1.150   1.012
  1.160   1.012
  1.170   1.012
  1.180   1.012
  1.190   1.012
  1.200   1.012
  1.210   1.012
  1.220   1.012
  1.230   1.012
  1.240   1.013
  1.250   1.013
  1.260   1.013
  1.270   1.013
  1.280   1.013
  1.290   1.013
  1.300   1.013
  1.310   1.013
  1.320   1.013
  1.330   1.013
  1.340   1.014
  1.350   1.014
  1.360   1.014
  1.370   1.014
  1.380   1.014
  1.390   1.014
  1.400   1.014
  1.410   1.014
  1.420   1.014
  1.430   1.015
  1.440   1.015
  1.450   1.015
  1.460   1.015
  1.470   1.015
  1.480   1.015
  1.490   1.015
  1.500   1.015
  1.510   1.015
  1.520   1.015
  1.530   1.016
  1.540   1.016
  1.550   1.016
  1.560   1.016
  1.570   1.016
  1.580   1.016
  1.590   1.016
  1.600   1.016
  1.610   1.016
  1.620   1.016
  1.630   1.017
  1.640   1.017
  1.650   1.017
  1.660   1.017
  1.670   1.017
  1.680   1.017
  1.690   1.017
  1.700   1.017
  1.710   1.017
  1.720   1.017
  1.730   1.018
  1.740   1.018
  1.750   1.018
  1.760   1.018
  1.770   1.018
  1.780   1.018
  1.790   1.018
  1.800   1.018
  1.810   1.018
  1.820   1.018
  1.830   1.019
  1.840   1.019
  1.850   1.019
  1.860   1.019
  1.870   1.019
  1.880   1.019
  1.890   1.019
  1.900   1.019
  1.910   1.019
  1.920   1.019
  1.930   1.020
  1.940   1.020
  1.950   1.020
  1.960   1.020
  1.970   1.020
  1.980   1.020
  1.990   1.020
  2.000   1.020
  2.010   1.020
  2.020   1.021
  2.030   1.021
  2.040   1.021
  2.050   1.021
  2.060   1.021
  2.070   1.021
  2.080   1.021
  2.090   1.021
  2.100   1.021
  2.110   1.021
  2.120   1.022
  2.130   1.022
  2.140   1.022
  2.150   1.022
  2.160   1.022
  2.170   1.022
  2.180   1.022
  2.190   1.022
  2.200   1.022
  2.210   1.022
  2.220   1.023
  2.230   1.023
  2.240   1.023
  2.250   1.023
  2.260   1.023
  2.270   1.023
  2.280   1.023
  2.290   1.023
  2.300   1.023
  2.310   1.023
  2.320   1.024
  2.330   1.024
  2.340   1.024
  2.350   1.024
  2.360   1.024
  2.370   1.024
  2.380   1.024
  2.390   1.024
  2.400   1.024
  2.410   1.024
  2.420   1.025
  2.430   1.025
  2.440   1.025
  2.450   1.025
  2.460   1.025
  2.470   1.025
  2.480   1.025
  2.490   1.025
  2.500   1.025
  2.510   1.026
  2.520   1.026
  2.530   1.026
  2.540   1.026
  2.550   1.026
  2.560   1.026
  2.570   1.026
  2.580   1.026
  2.590   1.026
  2.600   1.026
  2.610   1.027
  2.620   1.027
  2.630   1.027
  2.640   1.027
  2.650   1.027
  2.660   1.027
  2.670   1.027
  2.680   1.027
  2.690   1.027
  2.700   1.027
  2.710   1.028
  2.720   1.028
  2.730   1.028
  2.740   1.028
  2.750   1.028
  2.760   1.028
  2.770   1.028
  2.780   1.028
  2.790   1.028
  2.800   1.028
  2.810   1.029
  2.820   1.029
  2.830   1.029
  2.840   1.029
  2.850   1.029
  2.860   1.029
  2.870   1.029
  2.880   1.029
  2.890   1.029
  2.900   1.030
  2.910   1.030
  2.920   1.030
  2.930   1.030
  2.940   1.030
  2.950   1.030
  2.960   1.030
  2.970   1.030
  2.980   1.030
  2.990   1.030
  3.000   1.031
  3.010   1.031
  3.020   1.031
  3.030   1.031
  3.040   1.031
  3.050   1.031
  3.060   1.031
  3.070   1.031
  3.080   1.031
  3.090   1.031
  3.100   1.032
  3.110   1.032
  3.120   1.032
  3.130   1.032
  3.140   1.032
  3.150   1.032
  3.160   1.032
  3.170   1.032
  3.180   1.032
  3.190   1.033
  3.200   1.033
  3.210   1.033
  3.220   1.033
  3.230   1.033
  3.240   1.033
  3.250   1.033
  3.260   1.033
  3.270   1.033
  3.280   1.033
  3.290   1.034
  3.300   1.034
  3.310   1.034
  3.320   1.034
  3.330   1.034
  3.340   1.034
  3.350   1.034
  3.360   1.034
  3.370   1.034
  3.380   1.034
  3.390   1.035
  3.400   1.035
  3.410   1.035
  3.420   1.035
  3.430   1.035
  3.440   1.035
  3.450   1.035
  3.460   1.035
  3.470   1.035
  3.480   1.036
  3.490   1.036
  3.500   1.036
  3.510   1.036
  3.520   1.036
  3.530   1.036
  3.540   1.036
  3.550   1.036
  3.560   1.036
  3.570   1.036
  3.580   1.037
  3.590   1.037
  3.600   1.037
  3.610   1.037
  3.620   1.037
  3.630   1.037
  3.640   1.037
  3.650   1.037
  3.660   1.037
  3.670   1.037
  3.680   1.038
  3.690   1.038
  3.700   1.038
  3.710   1.038
  3.720   1.038
  3.730   1.038
  3.740   1.038
  3.750   1.038
  3.760   1.038
  3.770   1.039
  3.780   1.039
  3.790   1.039
  3.800   1.039
  3.810   1.039
  3.820   1.039
  3.830   1.039
  3.840   1.039
  3.850   1.039
  3.860   1.039
  3.870   1.040
  3.880   1.040
  3.890   1.040
  3.900   1.040
  3.910   1.040
  3.920   1.040
  3.930   1.040
  3.940   1.040
  3.950   1.040
  3.960   1.040
  3.970   1.041
  3.980   1.041
  3.990   1.041
  4.000   1.041
  4.010   1.041
  4.020   1.041
  4.030   1.041
  4.040   1.041
  4.050   1.041
  4.060   1.042
  4.070   1.042
  4.080   1.042
  4.090   1.042
  4.100   1.042
  4.110   1.042
  4.120   1.042
  4.130   1.042
  4.140   1.042
  4.150   1.042
  4.160   1.043
  4.170   1.043
  4.180   1.043
  4.190   1.043
  4.200   1.043
  4.210   1.043
  4.220   1.043
  4.230   1.043
  4.240   1.043
  4.250   1.044
  4.260   1.044
  4.270   1.044
  4.280   1.044
  4.290   1.044
  4.300   1.044
  4.310   1.044
  4.320   1.044
  4.330   1.044
  4.340   1.044
  4.350   1.045
  4.360   1.045
  4.370   1.045
  4.380   1.045
  4.390   1.045
  4.400   1.045
  4.410   1.045
  4.420   1.045
  4.430   1.045
  4.440   1.046
  4.450   1.046
  4.460   1.046
  4.470   1.046
  4.480   1.046
  4.490   1.046
  4.500   1.046
  4.510   1.046
  4.520   1.046
  4.530   1.046
  4.540   1.047
  4.550   1.047
  4.560   1.047
  4.570   1.047
  4.580   1.047
  4.590   1.047
  4.600   1.047
  4.610   1.047
  4.620   1.047
  4.630   1.047
  4.640   1.048
  4.650   1.048
  4.660   1.048
  4.670   1.048
  4.680   1.048
  4.690   1.048
  4.700   1.048
  4.710   1.048
  4.720   1.048
  4.730   1.049
  4.740   1.049
  4.750   1.049
  4.760   1.049
  4.770   1.049
  4.780   1.049
  4.790   1.049
  4.800   1.049
  4.810   1.049
  4.820   1.049
  4.830   1.050
  4.840   1.050
  4.850   1.050
  4.860   1.050
  4.870   1.050
  4.880   1.050
  4.890   1.050
  4.900   1.050
  4.910   1.050
  4.920   1.051
  4.930   1.051
  4.940   1.051
  4.950   1.051
  4.960   1.051
  4.970   1.051
  4.980   1.051
  4.990   1.051
  5.000   1.051
  5.010   1.051
  5.020   1.052
  5.030   1.052
  5.040   1.052
  5.050   1.052
  5.060   1.052
  5.070   1.052
  5.080   1.052
  5.090   1.052
  5.100   1.052
  5.110   1.053
  5.120   1.053
  5.130   1.053
  5.140   1.053
  5.150   1.053
  5.160   1.053
  5.170   1.053
  5.180   1.053
  5.190   1.053
  5.200   1.053
  5.210   1.054
  5.220   1.054
  5.230   1.054
  5.240   1.054
  5.250   1.054
  5.260   1.054
  5.270   1.054
  5.280   1.054
  5.290   1.054
  5.300   1.055
  5.310   1.055
  5.320   1.055
  5.330   1.055
  5.340   1.055
  5.350   1.055
  5.360   1.055
  5.370   1.055
  5.380   1.055
  5.390   1.055
  5.400   1.056
  5.410   1.056
  5.420   1.056
  5.430   1.056
  5.440   1.056
  5.450   1.056
  5.460   1.056
  5.470   1.056
  5.480   1.056
  5.490   1.057
  5.500   1.057
  5.510   1.057
  5.520   1.057
  5.530   1.057
  5.540   1.057
  5.550   1.057
  5.560   1.057
  5.570   1.057
  5.580   1.057
  5.590   1.058
  5.600   1.058
  5.610   1.058
  5.620   1.058
  5.630   1.058
  5.640   1.058
  5.650   1.058
  5.660   1.058
  5.670   1.058
  5.680   1.059
  5.690   1.059
  5.700   1.059
  5.710   1.059
  5.720   1.059
  5.730   1.059
  5.740   1.059
  5.750   1.059
  5.760   1.059
  5.770   1.060
  5.780   1.060
  5.790   1.060
  5.800   1.060
  5.810   1.060
  5.820   1.060
  5.830   1.060
  5.840   1.060
  5.850   1.060
  5.860   1.060
  5.870   1.061
  5.880   1.061
  5.890   1.061
  5.900   1.061
  5.910   1.061
  5.920   1.061
  5.930   1.061
  5.940   1.061
  5.950   1.061
  5.960   1.062
  5.970   1.062
  5.980   1.062
  5.990   1.062
  6.000   1.062
  6.010   1.062
  6.020   1.062
  6.030   1.062
  6.040   1.062
  6.050   1.062
  6.060   1.063
  6.070   1.063
  6.080   1.063
  6.090   1.063
  6.100   1.063
  6.110   1.063
  6.120   1.063
  6.130   1.063
  6.140   1.063
  6.150   1.064
  6.160   1.064
  6.170   1.064
  6.180   1.064
  6.190   1.064
  6.200   1.064
  6.210   1.064
  6.220   1.064
  6.230   1.064
  6.240   1.064
  6.250   1.065
  6.260   1.065
  6.270   1.065
  6.280   1.065
  6.290   1.065
  6.300   1.065
  6.310   1.065
  6.320   1.065
  6.330   1.065
  6.340   1.066
  6.350   1.066
  6.360   1.066
  6.370   1.066
  6.380   1.066
  6.390   1.066
  6.400   1.066
  6.410   1.066
  6.420   1.066
  6.430   1.067
  6.440   1.067
  6.450   1.067
  6.460   1.067
  6.470   1.067
  6.480   1.067
  6.490   1.067
  6.500   1.067
  6.510   1.067
  6.520   1.067
  6.530   1.068
  6.540   1.068
  6.550   1.068
  6.560   1.068
  6.570   1.068
  6.580   1.068
  6.590   1.068
  6.600   1.068
  6.610   1.068
  6.620   1.069
  6.630   1.069
  6.640   1.069
  6.650   1.069
  6.660   1.069
  6.670   1.069
  6.680   1.069
  6.690   1.069
  6.700   1.069
  6.710   1.070
  6.720   1.070
  6.730   1.070
  6.740   1.070
  6.750   1.070
  6.760   1.070
  6.770   1.070
  6.780   1.070
  6.790   1.070
  6.800   1.070
  6.810   1.071
  6.820   1.071
  6.830   1.071
  6.840   1.071
  6.850   1.071
  6.860   1.071
  6.870   1.071
  6.880   1.071
  6.890   1.071
  6.900   1.072
  6.910   1.072
  6.920   1.072
  6.930   1.072
  6.940   1.072
  6.950   1.072
  6.960   1.072
  6.970   1.072
  6.980   1.072
  6.990   1.073
  7.000   1.073
  7.010   1.073
  7.020   1.073
  7.030   1.073
  7.040   1.073
  7.050   1.073
  7.060   1.073
  7.070   1.073
  7.080   1.073
  7.090   1.074
  7.100   1.074
  7.110   1.074
  7.120   1.074
  7.130   1.074
  7.140   1.074
  7.150   1.074
  7.160   1.074
  7.170   1.074
  7.180   1.075
  7.190   1.075
  7.200   1.075
  7.210   1.075
  7.220   1.075
  7.230   1.075
  7.240   1.075
  7.250   1.075
  7.260   1.075
  7.270   1.076
  7.280   1.076
  7.290   1.076
  7.300   1.076
  7.310   1.076
  7.320   1.076
  7.330   1.076
  7.340   1.076
  7.350   1.076
  7.360   1.076
  7.370   1.077
  7.380   1.077
  7.390   1.077
  7.400   1.077
  7.410   1.077
  7.420   1.077
  7.430   1.077
  7.440   1.077
  7.450   1.077
  7.460   1.078
  7.470   1.078
  7.480   1.078
  7.490   1.078
  7.500   1.078
  7.510   1.078
  7.520   1.078
  7.530   1.078
  7.540   1.078
  7.550   1.079
  7.560   1.079
  7.570   1.079
  7.580   1.079
  7.590   1.079
  7.600   1.079
  7.610   1.079
  7.620   1.079
  7.630   1.079
  7.640   1.079
  7.650   1.080
  7.660   1.080
  7.670   1.080
  7.680   1.080
  7.690   1.080
  7.700   1.080
  7.710   1.080
  7.720   1.080
  7.730   1.080
  7.740   1.081
  7.750   1.081
  7.760   1.081
  7.770   1.081
  7.780   1.081
  7.790   1.081
  7.800   1.081
  7.810   1.081
  7.820   1.081
  7.830   1.082
  7.840   1.082
  7.850   1.082
  7.860   1.082
  7.870   1.082
  7.880   1.082
  7.890   1.082
  7.900   1.082
  7.910   1.082
  7.920   1.083
  7.930   1.083
  7.940   1.083
  7.950   1.083
  7.960   1.083
  7.970   1.083
  7.980   1.083
  7.990   1.083
  8.000   1.083
  8.010   1.083
  8.020   1.084
  8.030   1.084
  8.040   1.084
  8.050   1.084
  8.060   1.084
  8.070   1.084
  8.080   1.084
  8.090   1.084
  8.100   1.084
  8.110   1.085
  8.120   1.085
  8.130   1.085
  8.140   1.085
  8.150   1.085
  8.160   1.085
  8.170   1.085
  8.180   1.085
  8.190   1.085
  8.200   1.086
  8.210   1.086
  8.220   1.086
  8.230   1.086
  8.240   1.086
  8.250   1.086
  8.260   1.086
  8.270   1.086
  8.280   1.086
  8.290   1.087
  8.300   1.087
  8.310   1.087
  8.320   1.087
  8.330   1.087
  8.340   1.087
  8.350   1.087
  8.360   1.087
  8.370   1.087
  8.380   1.088
  8.390   1.088
  8.400   1.088
  8.410   1.088
  8.420   1.088
  8.430   1.088
  8.440   1.088
  8.450   1.088
  8.460   1.088
  8.470   1.088
  8.480   1.089
  8.490   1.089
  8.500   1.089
  8.510   1.089
  8.520   1.089
  8.530   1.089
  8.540   1.089
  8.550   1.089
  8.560   1.089
  8.570   1.090
  8.580   1.090
  8.590   1.090
  8.600   1.090
  8.610   1.090
  8.620   1.090
  8.630   1.090
  8.640   1.090
  8.650   1.090
  8.660   1.091
  8.670   1.091
  8.680   1.091
  8.690   1.091
  8.700   1.091
  8.710   1.091
  8.720   1.091
  8.730   1.091
  8.740   1.091
  8.750   1.092
  8.760   1.092
  8.770   1.092
  8.780   1.092
  8.790   1.092
  8.800   1.092
  8.810   1.092
  8.820   1.092
  8.830   1.092
  8.840   1.093
  8.850   1.093
  8.860   1.093
  8.870   1.093
  8.880   1.093
  8.890   1.093
  8.900   1.093
  8.910   1.093
  8.920   1.093
  8.930   1.094
  8.940   1.094
  8.950   1.094
  8.960   1.094
  8.970   1.094
  8.980   1.094
  8.990   1.094
  9.000   1.094
  9.010   1.094
  9.020   1.094
  9.030   1.095
  9.040   1.095
  9.050   1.095
  9.060   1.095
  9.070   1.095
  9.080   1.095
  9.090   1.095
  9.100   1.095
  9.110   1.095
  9.120   1.096
  9.130   1.096
  9.140   1.096
  9.150   1.096
  9.160   1.096
  9.170   1.096
  9.180   1.096
  9.190   1.096
  9.200   1.096
  9.210   1.097
  9.220   1.097
  9.230   1.097
  9.240   1.097
  9.250   1.097
  9.260   1.097
  9.270   1.097
  9.280   1.097
  9.290   1.097
  9.300   1.098
  9.310   1.098
  9.320   1.098
  9.330   1.098
  9.340   1.098
  9.350   1.098
  9.360   1.098
  9.370   1.098
  9.380   1.098
  9.390   1.099
  9.400   1.099
  9.410   1.099
  9.420   1.099
  9.430   1.099
  9.440   1.099
  9.450   1.099
  9.460   1.099
  9.470   1.099
  9.480   1.100
  9.490   1.100
  9.500   1.100
  9.510   1.100
  9.520   1.100
  9.530   1.100
  9.540   1.100
  9.550   1.100
  9.560   1.100
  9.570   1.101
  9.580   1.101
  9.590   1.101
  9.600   1.101
  9.610   1.101
  9.620   1.101
  9.630   1.101
  9.640   1.101
  9.650   1.101
  9.660   1.102
  9.670   1.102
  9.680   1.102
  9.690   1.102
  9.700   1.102
  9.710   1.102
  9.720   1.102
  9.730   1.102
  9.740   1.102
  9.750   1.103
  9.760   1.103
  9.770   1.103
  9.780   1.103
  9.790   1.103
  9.800   1.103
  9.810   1.103
  9.820   1.103
  9.830   1.103
  9.840   1.104
  9.850   1.104
  9.860   1.104
  9.870   1.104
  9.880   1.104
  9.890   1.104
  9.900   1.104
  9.910   1.104
  9.920   1.104
  9.930   1.105
  9.940   1.105
  9.950   1.105
  9.960   1.105
  9.970   1.105
  9.980   1.105
  9.990   1.105
 10.000   1.105
 10.010   1.105
 10.020   1.105
 10.030   1.106
 10.040   1.106
 10.050   1.106
 10.060   1.106
 10.070   1.106
 10.080   1.106
 10.090   1.106
 10.100   1.106
 10.110   1.106
 10.120   1.107
 10.130   1.107
 10.140   1.107
 10.150   1.107
 10.160   1.107
 10.170   1.107
 10.180   1.107
 10.190   1.107
 10.200   1.107
 10.210   1.108
 10.220   1.108
 10.230   1.108
 10.240   1.108
 10.250   1.108
 10.260   1.108
 10.270   1.108
 10.280   1.108
 10.290   1.108
 10.300   1.109
 10.310   1.109
 10.320   1.109
 10.330   1.109
 10.340   1.109
 10.350   1.109
 10.360   1.109
 10.370   1.109
 10.380   1.109
 10.390   1.110
 10.400   1.110
 10.410   1.110
 10.420   1.110
 10.430   1.110
 10.440   1.110
 10.450   1.110
 10.460   1.110
 10.470   1.110
 10.480   1.111
 10.490   1.111
 10.500   1.111
 10.510   1.111
 10.520   1.111
 10.530   1.111
 10.540   1.111
 10.550   1.111
 10.560   1.111
 10.570   1.112
 10.580   1.112
 10.590   1.112
 10.600   1.112
 10.610   1.112
 10.620   1.112
 10.630   1.112
 10.640   1.112
 10.650   1.112
 10.660   1.113
 10.670   1.113
 10.680   1.113
 10.690   1.113
 10.700   1.113
 10.710   1.113
 10.720   1.113
 10.730   1.113
 10.740   1.113
 10.750   1.114
 10.760   1.114
 10.770   1.114
 10.780   1.114
 10.790   1.114
 10.800   1.114
 10.810   1.114
 10.820   1.114
 10.830   1.114
 10.840   1.115
 10.850   1.115
 10.860   1.115
 10.870   1.115
 10.880   1.115
 10.890   1.115
 10.900   1.115
 10.910   1.115
 10.920   1.115
 10.930   1.116
 10.940   1.116
 10.950   1.116
 10.960   1.116
 10.970   1.116
 10.980   1.116
 10.990   1.116
 11.000   1.116
 11.010   1.116
 11.020   1.117
 11.030   1.117
 11.040   1.117
 11.050   1.117
 11.060   1.117
 11.070   1.117
 11.080   1.117
 11.090   1.117
 11.100   1.118
 11.110   1.118
 11.120   1.118
 11.130   1.118
 11.140   1.118
 11.150   1.118
 11.160   1.118
 11.170   1.118
 11.180   1.118
 11.190   1.119
 11.200   1.119
 11.210   1.119
 11.220   1.119
 11.230   1.119
 11.240   1.119
 11.250   1.119
 11.260   1.119
 11.270   1.119
 11.280   1.120
 11.290   1.120
 11.300   1.120
 11.310   1.120
 11.320   1.120
 11.330   1.120
 11.340   1.120
 11.350   1.120
 11.360   1.120
 11.370   1.121
 11.380   1.121
 11.390   1.121
 11.400   1.121
 11.410   1.121
 11.420   1.121
 11.430   1.121
 11.440   1.121
 11.450   1.121
 11.460   1.122
 11.470   1.122
 11.480   1.122
 11.490   1.122
 11.500   1.122
 11.510   1.122
 11.520   1.122
 11.530   1.122
 11.540   1.122
 11.550   1.123
 11.560   1.123
 11.570   1.123
 11.580   1.123
 11.590   1.123
 11.600   1.123
 11.610   1.123
 11.620   1.123
 11.630   1.123
 11.640   1.124
 11.650   1.124
 11.660   1.124
 11.670   1.124
 11.680   1.124
 11.690   1.124
 11.700   1.124
 11.710   1.124
 11.720   1.124
 11.730   1.125
 11.740   1.125
 11.750   1.125
 11.760   1.125
 11.770   1.125
 11.780   1.125
 11.790   1.125
 11.800   1.125
 11.810   1.125
 11.820   1.126
 11.830   1.126
 11.840   1.126
 11.850   1.126
 11.860   1.126
 11.870   1.126
 11.880   1.126
 11.890   1.126
 11.900   1.126
 11.910   1.127
 11.920   1.127
 11.930   1.127
 11.940   1.127
 11.950   1.127
 11.960   1.127
 11.970   1.127
 11.980   1.127
 11.990   1.127
 12.000   1.128
 12.010   1.128
 12.020   1.128
 12.030   1.128
 12.040   1.128
 12.050   1.128
 12.060   1.128
 12.070   1.128
 12.080   1.129
 12.090   1.129
 12.100   1.129
 12.110   1.129
 12.120   1.129
 12.130   1.129
 12.140   1.129
 12.150   1.129
 12.160   1.129
 12.170   1.130
 12.180   1.130
 12.190   1.130
 12.200   1.130
 12.210   1.130
 12.220   1.130
 12.230   1.130
 12.240   1.130
 12.250   1.130
 12.260   1.131
 12.270   1.131
 12.280   1.131
 12.290   1.131
 12.300   1.131
 12.310   1.131
 12.320   1.131
 12.330   1.131
 12.340   1.131
 12.350   1.132
 12.360   1.132
 12.370   1.132
 12.380   1.132
 12.390   1.132
 12.400   1.132
 12.410   1.132
 12.420   1.132
 12.430   1.132
 12.440   1.133
 12.450   1.133
 12.460   1.133
 12.470   1.133
 12.480   1.133
 12.490   1.133
 12.500   1.133
 12.510   1.133
 12.520   1.133
 12.530   1.134
 12.540   1.134
 12.550   1.134
 12.560   1.134
 12.570   1.134
 12.580   1.134
 12.590   1.134
 12.600   1.134
 12.610   1.135
 12.620   1.135
 12.630   1.135
 12.640   1.135
 12.650   1.135
 12.660   1.135
 12.670   1.135
 12.680   1.135
 12.690   1.135
 12.700   1.136
 12.710   1.136
 12.720   1.136
 12.730   1.136
 12.740   1.136
 12.750   1.136
 12.760   1.136
 12.770   1.136
 12.780   1.136
 12.790   1.137
 12.800   1.137
 12.810   1.137
 12.820   1.137
 12.830   1.137
 12.840   1.137
 12.850   1.137
 12.860   1.137
 12.870   1.137
 12.880   1.138
 12.890   1.138
 12.900   1.138
 12.910   1.138
 12.920   1.138
 12.930   1.138
 12.940   1.138
 12.950   1.138
 12.960   1.138
 12.970   1.139
 12.980   1.139
 12.990   1.139
 13.000   1.139
 13.010   1.139
 13.020   1.139
 13.030   1.139
 13.040   1.139
 13.050   1.140
 13.060   1.140
 13.070   1.140
 13.080   1.140
 13.090   1.140
 13.100   1.140
 13.110   1.140
 13.120   1.140
 13.130   1.140
 13.140   1.141
 13.150   1.141
 13.160   1.141
 13.170   1.141
 13.180   1.141
 13.190   1.141
 13.200   1.141
 13.210   1.141
 13.220   1.141
 13.230   1.142
 13.240   1.142
 13.250   1.142
 13.260   1.142
 13.270   1.142
 13.280   1.142
 13.290   1.142
 13.300   1.142
 13.310   1.142
 13.320   1.143
 13.330   1.143
 13.340   1.143
 13.350   1.143
 13.360   1.143
 13.370   1.143
 13.380   1.143
 13.390   1.143
 13.400   1.143
 13.410   1.144
 13.420   1.144
 13.430   1.144
 13.440   1.144
 13.450   1.144
 13.460   1.144
 13.470   1.144
 13.480   1.144
 13.490   1.145
 13.500   1.145
 13.510   1.145
 13.520   1.145
 13.530   1.145
 13.540   1.145
 13.550   1.145
 13.560   1.145
 13.570   1.145
 13.580   1.146
 13.590   1.146
 13.600   1.146
 13.610   1.146
 13.620   1.146
 13.630   1.146
 13.640   1.146
 13.650   1.146
 13.660   1.146
 13.670   1.147
 13.680   1.147
 13.690   1.147
 13.700   1.147
 13.710   1.147
 13.720   1.147
 13.730   1.147
 13.740   1.147
 13.750   1.148
 13.760   1.148
 13.770   1.148
 13.780   1.148
 13.790   1.148
 13.800   1.148
 13.810   1.148
 13.820   1.148
 13.830   1.148
 13.840   1.149
 13.850   1.149
 13.860   1.149
 13.870   1.149
 13.880   1.149
 13.890   1.149
 13.900   1.149
 13.910   1.149
 13.920   1.149
 13.930   1.150
 13.940   1.150
 13.950   1.150
 13.960   1.150
 13.970   1.150
 13.980   1.150
 13.990   1.150
 14.000   1.150
 14.010   1.150
 14.020   1.151
 14.030   1.151
 14.040   1.151
 14.050   1.151
 14.060   1.151
 14.070   1.151
 14.080   1.151
 14.090   1.151
 14.100   1.152
 14.110   1.152
 14.120   1.152
 14.130   1.152
 14.140   1.152
 14.150   1.152
 14.160   1.152
 14.170   1.152
 14.180   1.152
 14.190   1.153
 14.200   1.153
 14.210   1.153
 14.220   1.153
 14.230   1.153
 14.240   1.153
 14.250   1.153
 14.260   1.153
 14.270   1.153
 14.280   1.154
 14.290   1.154
 14.300   1.154
 14.310   1.154
 14.320   1.154
 14.330   1.154
 14.340   1.154
 14.350   1.154
 14.360   1.155
 14.370   1.155
 14.380   1.155
 14.390   1.155
 14.400   1.155
 14.410   1.155
 14.420   1.155
 14.430   1.155
 14.440   1.155
 14.450   1.156
 14.460   1.156
 14.470   1.156
 14.480   1.156
 14.490   1.156
 14.500   1.156
 14.510   1.156
 14.520   1.156
 14.530   1.156
 14.540   1.157
 14.550   1.157
 14.560   1.157
 14.570   1.157
 14.580   1.157
 14.590   1.157
 14.600   1.157
 14.610   1.157
 14.620   1.158
 14.630   1.158
 14.640   1.158
 14.650   1.158
 14.660   1.158
 14.670   1.158
 14.680   1.158
 14.690   1.158
 14.700   1.158
 14.710   1.159
 14.720   1.159
 14.730   1.159
 14.740   1.159
 14.750   1.159
 14.760   1.159
 14.770   1.159
 14.780   1.159
 14.790   1.160
 14.800   1.160
 14.810   1.160
 14.820   1.160
 14.830   1.160
 14.840   1.160
 14.850   1.160
 14.860   1.160
 14.870   1.160
 14.880   1.161
 14.890   1.161
 14.900   1.161
 14.910   1.161
 14.920   1.161
 14.930   1.161
 14.940   1.161
 14.950   1.161
 14.960   1.161
 14.970   1.162
 14.980   1.162
 14.990   1.162
 15.000   1.162
 15.010   1.162
 15.020   1.162
 15.030   1.162
 15.040   1.162
 15.050   1.163
 15.060   1.163
 15.070   1.163
 15.080   1.163
 15.090   1.163
 15.100   1.163
 15.110   1.163
 15.120   1.163
 15.130   1.163
 15.140   1.164
 15.150   1.164
 15.160   1.164
 15.170   1.164
 15.180   1.164
 15.190   1.164
 15.200   1.164
 15.210   1.164
 15.220   1.165
 15.230   1.165
 15.240   1.165
 15.250   1.165
 15.260   1.165
 15.270   1.165
 15.280   1.165
 15.290   1.165
 15.300   1.165
 15.310   1.166
 15.320   1.166
 15.330   1.166
 15.340   1.166
 15.350   1.166
 15.360   1.166
 15.370   1.166
 15.380   1.166
 15.390   1.166
 15.400   1.167
 15.410   1.167
 15.420   1.167
 15.430   1.167
 15.440   1.167
 15.450   1.167
 15.460   1.167
 15.470   1.167
 15.480   1.168
 15.490   1.168
 15.500   1.168
 15.510   1.168
 15.520   1.168
 15.530   1.168
 15.540   1.168
 15.550   1.168
 15.560   1.168
 15.570   1.169
 15.580   1.169
 15.590   1.169
 15.600   1.169
 15.610   1.169
 15.620   1.169
 15.630   1.169
 15.640   1.169
 15.650   1.170
 15.660   1.170
 15.670   1.170
 15.680   1.170
 15.690   1.170
 15.700   1.170
 15.710   1.170
 15.720   1.170
 15.730   1.170
 15.740   1.171
 15.750   1.171
 15.760   1.171
 15.770   1.171
 15.780   1.171
 15.790   1.171
 15.800   1.171
 15.810   1.171
 15.820   1.172
 15.830   1.172
 15.840   1.172
 15.850   1.172
 15.860   1.172
 15.870   1.172
 15.880   1.172
 15.890   1.172
 15.900   1.172
 15.910   1.173
 15.920   1.173
 15.930   1.173
 15.940   1.173
 15.950   1.173
 15.960   1.173
 15.970   1.173
 15.980   1.173
 15.990   1.174
 16.000   1.174
 16.010   1.174
 16.020   1.174
 16.030   1.174
 16.040   1.174
 16.050   1.174
 16.060   1.174
 16.070   1.174
 16.080   1.175
 16.090   1.175
 16.100   1.175
 16.110   1.175
 16.120   1.175
 16.130   1.175
 16.140   1.175
 16.150   1.175
 16.160   1.175
 16.170   1.176
 16.180   1.176
 16.190   1.176
 16.200   1.176
 16.210   1.176
 16.220   1.176
 16.230   1.176
 16.240   1.176
 16.250   1.177
 16.260   1.177
 16.270   1.177
 16.280   1.177
 16.290   1.177
 16.300   1.177
 16.310   1.177
 16.320   1.177
 16.330   1.177
 16.340   1.178
 16.350   1.178
 16.360   1.178
 16.370   1.178
 16.380   1.178
 16.390   1.178
 16.400   1.178
 16.410   1.178
 16.420   1.179
 16.430   1.179
 16.440   1.179
 16.450   1.179
 16.460   1.179
 16.470   1.179
 16.480   1.179
 16.490   1.179
 16.500   1.180
 16.510   1.180
 16.520   1.180
 16.530   1.180
 16.540   1.180
 16.550   1.180
 16.560   1.180
 16.570   1.180
 16.580   1.180
 16.590   1.181
 16.600   1.181
 16.610   1.181
 16.620   1.181
 16.630   1.181
 16.640   1.181
 16.650   1.181
 16.660   1.181
 16.670   1.182
 16.680   1.182
 16.690   1.182
 16.700   1.182
 16.710   1.182
 16.720   1.182
 16.730   1.182
 16.740   1.182
 16.750   1.182
 16.760   1.183
 16.770   1.183
 16.780   1.183
 16.790   1.183
 16.800   1.183
 16.810   1.183
 16.820   1.183
 16.830   1.183
 16.840   1.184
 16.850   1.184
 16.860   1.184
 16.870   1.184
 16.880   1.184
 16.890   1.184
 16.900   1.184
 16.910   1.184
 16.920   1.184
 16.930   1.185
 16.940   1.185
 16.950   1.185
 16.960   1.185
 16.970   1.185
 16.980   1.185
 16.990   1.185
 17.000   1.185
 17.010   1.186
 17.020   1.186
 17.030   1.186
 17.040   1.186
 17.050   1.186
 17.060   1.186
 17.070   1.186
 17.080   1.186
 17.090   1.186
 17.100   1.187
 17.110   1.187
 17.120   1.187
 17.130   1.187
 17.140   1.187
 17.150   1.187
 17.160   1.187
 17.170   1.187
 17.180   1.188
 17.190   1.188
 17.200   1.188
 17.210   1.188
 17.220   1.188
 17.230   1.188
 17.240   1.188
 17.250   1.188
 17.260   1.188
 17.270   1.189
 17.280   1.189
 17.290   1.189
 17.300   1.189
 17.310   1.189
 17.320   1.189
 17.330   1.189
 17.340   1.189
 17.350   1.190
 17.360   1.190
 17.370   1.190
 17.380   1.190
 17.390   1.190
 17.400   1.190
 17.410   1.190
 17.420   1.190
 17.430   1.191
 17.440   1.191
 17.450   1.191
 17.460   1.191
 17.470   1.191
 17.480   1.191
 17.490   1.191
 17.500   1.191
 17.510   1.191
 17.520   1.192
 17.530   1.192
 17.540   1.192
 17.550   1.192
 17.560   1.192
 17.570   1.192
 17.580   1.192
 17.590   1.192
 17.600   1.193
 17.610   1.193
 17.620   1.193
 17.630   1.193
 17.640   1.193
 17.650   1.193
 17.660   1.193
 17.670   1.193
 17.680   1.194
 17.690   1.194
 17.700   1.194
 17.710   1.194
 17.720   1.194
 17.730   1.194
 17.740   1.194
 17.750   1.194
 17.760   1.194
 17.770   1.195
 17.780   1.195
 17.790   1.195
 17.800   1.195
 17.810   1.195
 17.820   1.195
 17.830   1.195
 17.840   1.195
 17.850   1.196
 17.860   1.196
 17.870   1.196
 17.880   1.196
 17.890   1.196
 17.900   1.196
 17.910   1.196
 17.920   1.196
 17.930   1.196
 17.940   1.197
 17.950   1.197
 17.960   1.197
 17.970   1.197
 17.980   1.197
 17.990   1.197
 18.000   1.197
 18.010   1.197
 18.020   1.198
 18.030   1.198
 18.040   1.198
 18.050   1.198
 18.060   1.198
 18.070   1.198
 18.080   1.198
 18.090   1.198
 18.100   1.199
 18.110   1.199
 18.120   1.199
 18.130   1.199
 18.140   1.199
 18.150   1.199
 18.160   1.199
 18.170   1.199
 18.180   1.199
 18.190   1.200
 18.200   1.200
 18.210   1.200
 18.220   1.200
 18.230   1.200
 18.240   1.200
 18.250   1.200
 18.260   1.200
 18.270   1.201
 18.280   1.201
 18.290   1.201
 18.300   1.201
 18.310   1.201
 18.320   1.201
 18.330   1.201
 18.340   1.201
 18.350   1.202
 18.360   1.202
 18.370   1.202
 18.380   1.202
 18.390   1.202
 18.400   1.202
 18.410   1.202
 18.420   1.202
 18.430   1.202
 18.440   1.203
 18.450   1.203
 18.460   1.203
 18.470   1.203
 18.480   1.203
 18.490   1.203
 18.500   1.203
 18.510   1.203
 18.520   1.204
 18.530   1.204
 18.540   1.204
 18.550   1.204
 18.560   1.204
 18.570   1.204
 18.580   1.204
 18.590   1.204
 18.600   1.205
 18.610   1.205
 18.620   1.205
 18.630   1.205
 18.640   1.205
 18.650   1.205
 18.660   1.205
 18.670   1.205
 18.680   1.205
 18.690   1.206
 18.700   1.206
 18.710   1.206
 18.720   1.206
 18.730   1.206
 18.740   1.206
 18.750   1.206
 18.760   1.206
 18.770   1.207
 18.780   1.207
 18.790   1.207
 18.800   1.207
 18.810   1.207
 18.820   1.207
 18.830   1.207
 18.840   1.207
 18.850   1.208
 18.860   1.208
 18.870   1.208
 18.880   1.208
 18.890   1.208
 18.900   1.208
 18.910   1.208
 18.920   1.208
 18.930   1.209
 18.940   1.209
 18.950   1.209
 18.960   1.209
 18.970   1.209
 18.980   1.209
 18.990   1.209
 19.000   1.209
 19.010   1.209
 19.020   1.210
 19.030   1.210
 19.040   1.210
 19.050   1.210
 19.060   1.210
 19.070   1.210
 19.080   1.210
 19.090   1.210
 19.100   1.211
 19.110   1.211
 19.120   1.211
 19.130   1.211
 19.140   1.211
 19.150   1.211
 19.160   1.211
 19.170   1.211
 19.180   1.212
 19.190   1.212
 19.200   1.212
 19.210   1.212
 19.220   1.212
 19.230   1.212
 19.240   1.212
 19.250   1.212
 19.260   1.213
 19.270   1.213
 19.280   1.213
 19.290   1.213
 19.300   1.213
 19.310   1.213
 19.320   1.213
 19.330   1.213
 19.340   1.213
 19.350   1.214
 19.360   1.214
 19.370   1.214
 19.380   1.214
 19.390   1.214
 19.400   1.214
 19.410   1.214
 19.420   1.214
 19.430   1.215
 19.440   1.215
 19.450   1.215
 19.460   1.215
 19.470   1.215
 19.480   1.215
 19.490   1.215
 19.500   1.215
 19.510   1.216
 19.520   1.216
 19.530   1.216
 19.540   1.216
 19.550   1.216
 19.560   1.216
 19.570   1.216
 19.580   1.216
 19.590   1.217
 19.600   1.217
 19.610   1.217
 19.620   1.217
 19.630   1.217
 19.640   1.217
 19.650   1.217
 19.660   1.217
 19.670   1.217
 19.680   1.218
 19.690   1.218
 19.700   1.218
 19.710   1.218
 19.720   1.218
 19.730   1.218
 19.740   1.218
 19.750   1.218
 19.760   1.219
 19.770   1.219
 19.780   1.219
 19.790   1.219
 19.800   1.219
 19.810   1.219
 19.820   1.219
 19.830   1.219
 19.840   1.220
 19.850   1.220
 19.860   1.220
 19.870   1.220
 19.880   1.220
 19.890   1.220
 19.900   1.220
 19.910   1.220
 19.920   1.221
 19.930   1.221
 19.940   1.221
 19.950   1.221
 19.960   1.221
 19.970   1.221
 19.980   1.221
 19.990   1.221
