  0.000   1.010
  0.010   1.020
  0.020   1.030
  0.030   1.039
  0.040   1.049
  0.050   1.058
  0.060   1.068
  0.070   1.077
  0.080   1.086
  0.090   1.095
  0.100   1.104
  0.110   1.113
  0.120   1.122
  0.130   1.131
  0.140   1.139
  0.150   1.147
  0.160   1.156
  0.170   1.164
  0.180   1.172
  0.190   1.180
  0.200   1.188
  0.210   1.195
  0.220   1.203
  0.230   1.210
  0.240   1.218
  0.250   1.225
  0.260   1.232
  0.270   1.239
  0.280   1.246
  0.290   1.253
  0.300   1.259
  0.310   1.266
  0.320   1.272
  0.330   1.278
  0.340   1.285
  0.350   1.290
  0.360   1.296
  0.370   1.302
  0.380   1.308
  0.390   1.313
  0.400   1.318
  0.410   1.324
  0.420   1.329
  0.430   1.334
  0.440   1.338
  0.450   1.343
  0.460   1.348
  0.470   1.352
  0.480   1.356
  0.490   1.360
  0.500   1.364
  0.510   1.368
  0.520   1.372
  0.530   1.376
  0.540   1.379
  0.550   1.382
  0.560   1.385
  0.570   1.389
  0.580   1.391
  0.590   1.394
  0.600   1.397
  0.610   1.399
  0.620   1.402
  0.630   1.404
  0.640   1.406
  0.650   1.408
  0.660   1.410
  0.670   1.411
  0.680   1.413
  0.690   1.414
  0.700   1.415
  0.710   1.416
  0.720   1.417
  0.730   1.418
  0.740   1.419
  0.750   1.419
  0.760   1.419
  0.770   1.420
  0.780   1.420
  0.790   1.420
  0.800   1.420
  0.810   1.419
  0.820   1.419
  0.830   1.418
  0.840   1.417
  0.850   1.416
  0.860   1.415
  0.870   1.414
  0.880   1.413
  0.890   1.411
  0.900   1.410
  0.910   1.408
  0.920   1.406
  0.930   1.404
  0.940   1.402
  0.950   1.399
  0.960   1.397
  0.970   1.394
  0.980   1.392
  0.990   1.389
  1.000   1.386
  1.010   1.383
  1.020   1.379
  1.030   1.376
  1.040   1.372
  1.050   1.368
  1.060   1.365
  1.070   1.361
  1.080   1.357
  1.090   1.352
  1.100   1.348
  1.110   1.343
  1.120   1.339
  1.130   1.334
  1.140   1.329
  1.150   1.324
  1.160   1.319
  1.170   1.313
  1.180   1.308
  1.190   1.302
  1.200   1.296
  1.210   1.291
  1.220   1.285
  1.230   1.279
  1.240   1.272
  1.250   1.266
  1.260   1.259
  1.270   1.253
  1.280   1.246
  1.290   1.239
  1.300   1.232
  1.310   1.225
  1.320   1.218
  1.330   1.210
  1.340   1.203
  1.350   1.195
  1.360   1.187
  1.370   1.180
  1.380   1.172
  1.390   1.164
  1.400   1.155
  1.410   1.147
  1.420   1.139
  1.430   1.130
  1.440   1.121
  1.450   1.113
  1.460   1.104
  1.470   1.095
  1.480   1.086
  1.490   1.076
  1.500   1.067
  1.510   1.058
  1.520   1.048
  1.530   1.038
  1.540   1.029
  1.550   1.019
  1.560   1.009
  1.570   0.999
  1.580   0.988
  1.590   0.978
  1.600   0.968
  1.610   0.957
  1.620   0.947
  1.630   0.936
  1.640   0.925
  1.650   0.915
  1.660   0.904
  1.670   0.893
  1.680   0.881
  1.690   0.870
  1.700   0.859
  1.710   0.848
  1.720   0.836
  1.730   0.825
  1.740   0.813
  1.750   0.801
  1.760   0.789
  1.770   0.777
  1.780   0.766
  1.790   0.753
  1.800   0.741
  1.810   0.729
  1.820   0.717
  1.830   0.705
  1.840   0.692
  1.850   0.680
  1.860   0.667
  1.870   0.654
  1.880   0.642
  1.890   0.629
  1.900   0.616
  1.910   0.603
  1.920   0.590
  1.930   0.577
  1.940   0.564
  1.950   0.551
  1.960   0.538
  1.970   0.525
  1.980   0.512
  1.990   0.498
  2.000   0.485
  2.010   0.471
  2.020   0.458
  2.030   0.444
  2.040   0.431
  2.050   0.417
  2.060   0.403
  2.070   0.390
  2.080   0.376
  2.090   0.362
  2.100   0.348
  2.110   0.335
  2.120   0.321
  2.130   0.307
  2.140   0.293
  2.150   0.279
  2.160   0.265
  2.170   0.251
  2.180   0.237
  2.190   0.223
  2.200   0.208
  2.210   0.194
  2.220   0.180
  2.230   0.166
  2.240   0.152
  2.250   0.137
  2.260   0.123
  2.270   0.109
  2.280   0.095
  2.290   0.080
  2.300   0.066
  2.310   0.052
  2.320   0.038
  2.330   0.023
  2.340   0.009
  2.350  -0.005
  2.360  -0.020
  2.370  -0.034
  2.380  -0.048
  2.390  -0.063
  2.400  -0.077
  2.410  -0.091
  2.420  -0.105
  2.430  -0.120
  2.440  -0.134
  2.450  -0.148
  2.460  -0.162
  2.470  -0.177
  2.480  -0.191
  2.490  -0.205
  2.500  -0.219
  2.510  -0.233
  2.520  -0.248
  2.530  -0.262
  2.540  -0.276
  2.550  -0.290
  2.560  -0.304
  2.570  -0.318
  2.580  -0.332
  2.590  -0.346
  2.600  -0.360
  2.610  -0.374
  2.620  -0.387
  2.630  -0.401
  2.640  -0.415
  2.650  -0.429
  2.660  -0.442
  2.670  -0.456
  2.680  -0.470
  2.690  -0.483
  2.700  -0.497
  2.710  -0.510
  2.720  -0.523
  2.730  -0.537
  2.740  -0.550
  2.750  -0.563
  2.760  -0.576
  2.770  -0.590
  2.780  -0.603
  2.790  -0.616
  2.800  -0.629
  2.810  -0.642
  2.820  -0.654
  2.830  -0.667
  2.840  -0.680
  2.850  -0.692
  2.860  -0.705
  2.870  -0.717
  2.880  -0.730
  2.890  -0.742
  2.900  -0.755
  2.910  -0.767
  2.920  -0.779
  2.930  -0.791
  2.940  -0.803
  2.950  -0.815
  2.960  -0.827
  2.970  -0.838
  2.980  -0.850
  2.990  -0.862
  3.000  -0.873
  3.010  -0.884
  3.020  -0.896
  3.030  -0.907
  3.040  -0.918
  3.050  -0.929
  3.060  -0.940
  3.070  -0.951
  3.080  -0.962
  3.090  -0.972
  3.100  -0.983
  3.110  -0.993
  3.120  -1.004
  3.130  -1.014
  3.140  -1.024
  3.150  -1.034
  3.160  -1.044
  3.170  -1.054
  3.180  -1.064
  3.190  -1.074
  3.200  -1.083
  3.210  -1.093
  3.220  -1.102
  3.230  -1.111
  3.240  -1.120
  3.250  -1.129
  3.260  -1.138
  3.270  -1.147
  3.280  -1.156
  3.290  -1.164
  3.300  -1.173
  3.310  -1.181
  3.320  -1.189
  3.330  -1.197
  3.340  -1.205
  3.350  -1.213
  3.360  -1.221
  3.370  -1.228
  3.380  -1.236
  3.390  -1.243
  3.400  -1.250
  3.410  -1.258
  3.420  -1.265
  3.430  -1.271
  3.440  -1.278
  3.450  -1.285
  3.460  -1.291
  3.470  -1.298
  3.480  -1.304
  3.490  -1.310
  3.500  -1.316
  3.510  -1.322
  3.520  -1.327
  3.530  -1.333
  3.540  -1.338
  3.550  -1.344
  3.560  -1.349
  3.570  -1.354
  3.580  -1.359
  3.590  -1.364
  3.600  -1.368
  3.610  -1.373
  3.620  -1.377
  3.630  -1.381
  3.640  -1.385
  3.650  -1.389
  3.660  -1.393
  3.670  -1.397
  3.680  -1.400
  3.690  -1.404
  3.700  -1.407
  3.710  -1.410
  3.720  -1.413
  3.730  -1.416
  3.740  -1.418
  3.750  -1.421
  3.760  -1.423
  3.770  -1.426
  3.780  -1.428
  3.790  -1.430
  3.800  -1.432
  3.810  -1.433
  3.820  -1.435
  3.830  -1.436
  3.840  -1.437
  3.850  -1.439
  3.860  -1.439
  3.870  -1.440
  3.880  -1.441
  3.890  -1.442
  3.900  -1.442
  3.910  -1.442
  3.920  -1.442
  3.930  -1.442
  3.940  -1.442
  3.950  -1.442
  3.960  -1.441
  3.970  -1.441
  3.980  -1.440
  3.990  -1.439
  4.000  -1.438
  4.010  -1.437
  4.020  -1.435
  4.030  -1.434
  4.040  -1.432
  4.050  -1.430
  4.060  -1.429
  4.070  -1.427
  4.080  -1.424
  4.090  -1.422
  4.100  -1.420
  4.110  -1.417
  4.120  -1.414
  4.130  -1.411
  4.140  -1.408
  4.150  -1.405
  4.160  -1.402
  4.170  -1.398
  4.180  -1.395
  4.190  -1.391
  4.200  -1.387
  4.210  -1.383
  4.220  -1.379
  4.230  -1.374
  4.240  -1.370
  4.250  -1.365
  4.260  -1.361
  4.270  -1.356
  4.280  -1.351
  4.290  -1.346
  4.300  -1.340
  4.310  -1.335
  4.320  -1.329
  4.330  -1.324
  4.340  -1.318
  4.350  -1.312
  4.360  -1.306
  4.370  -1.300
  4.380  -1.293
  4.390  -1.287
  4.400  -1.280
  4.410  -1.274
  4.420  -1.267
  4.430  -1.260
  4.440  -1.253
  4.450  -1.246
  4.460  -1.238
  4.470  -1.231
  4.480  -1.223
  4.490  -1.215
  4.500  -1.208
  4.510  -1.200
  4.520  -1.192
  4.530  -1.183
  4.540  -1.175
  4.550  -1.167
  4.560  -1.158
  4.570  -1.149
  4.580  -1.141
  4.590  -1.132
  4.600  -1.123
  4.610  -1.114
  4.620  -1.104
  4.630  -1.095
  4.640  -1.085
  4.650  -1.076
  4.660  -1.066
  4.670  -1.056
  4.680  -1.047
  4.690  -1.037
  4.700  -1.026
  4.710  -1.016
  4.720  -1.006
  4.730  -0.995
  4.740  -0.985
  4.750  -0.974
  4.760  -0.964
  4.770  -0.953
  4.780  -0.942
  4.790  -0.931
  4.800  -0.920
  4.810  -0.909
  4.820  -0.897
  4.830  -0.886
  4.840  -0.875
  4.850  -0.863
  4.860  -0.851
  4.870  -0.840
  4.880  -0.828
  4.890  -0.816
  4.900  -0.804
  4.910  -0.792
  4.920  -0.780
  4.930  -0.767
  4.940  -0.755
  4.950  -0.743
  4.960  -0.730
  4.970  -0.718
  4.980  -0.705
  4.990  -0.693
  5.000  -0.680
  5.010  -0.667
  5.020  -0.654
  5.030  -0.641
  5.040  -0.628
  5.050  -0.615
  5.060  -0.602
  5.070  -0.589
  5.080  -0.576
  5.090  -0.562
  5.100  -0.549
  5.110  -0.535
  5.120  -0.522
  5.130  -0.508
  5.140  -0.495
  5.150  -0.481
  5.160  -0.467
  5.170  -0.454
  5.180  -0.440
  5.190  -0.426
  5.200  -0.412
  5.210  -0.398
  5.220  -0.384
  5.230  -0.370
  5.240  -0.356
  5.250  -0.342
  5.260  -0.328
  5.270  -0.314
  5.280  -0.300
  5.290  -0.286
  5.300  -0.271
  5.310  -0.257
  5.320  -0.243
  5.330  -0.228
  5.340  -0.214
  5.350  -0.200
  5.360  -0.185
  5.370  -0.171
  5.380  -0.157
  5.390  -0.142
  5.400  -0.128
  5.410  -0.113
  5.420  -0.099
  5.430  -0.084
  5.440  -0.070
  5.450  -0.055
  5.460  -0.041
  5.470  -0.026
  5.480  -0.012
  5.490   0.003
  5.500   0.017
  5.510   0.032
  5.520   0.047
  5.530   0.061
  5.540   0.076
  5.550   0.090
  5.560   0.105
  5.570   0.119
  5.580   0.134
  5.590   0.148
  5.600   0.163
  5.610   0.177
  5.620   0.191
  5.630   0.206
  5.640   0.220
  5.650   0.235
  5.660   0.249
  5.670   0.263
  5.680   0.278
  5.690   0.292
  5.700   0.306
  5.710   0.320
  5.720   0.335
  5.730   0.349
  5.740   0.363
  5.750   0.377
  5.760   0.391
  5.770   0.405
  5.780   0.419
  5.790   0.433
  5.800   0.447
  5.810   0.461
  5.820   0.475
  5.830   0.488
  5.840   0.502
  5.850   0.516
  5.860   0.529
  5.870   0.543
  5.880   0.556
  5.890   0.570
  5.900   0.583
  5.910   0.597
  5.920   0.610
  5.930   0.623
  5.940   0.636
  5.950   0.649
  5.960   0.662
  5.970   0.675
  5.980   0.688
  5.990   0.701
  6.000   0.714
  6.010   0.727
  6.020   0.739
  6.030   0.752
  6.040   0.764
  6.050   0.777
  6.060   0.789
  6.070   0.801
  6.080   0.814
  6.090   0.826
  6.100   0.838
  6.110   0.850
  6.120   0.861
  6.130   0.873
  6.140   0.885
  6.150   0.897
  6.160   0.908
  6.170   0.919
  6.180   0.931
  6.190   0.942
  6.200   0.953
  6.210   0.964
  6.220   0.975
  6.230   0.986
  6.240   0.997
  6.250   1.007
  6.260   1.018
  6.270   1.028
  6.280   1.039
  6.290   1.049
  6.300   1.059
  6.310   1.069
  6.320   1.079
  6.330   1.089
  6.340   1.099
  6.350   1.108
  6.360   1.118
  6.370   1.127
  6.380   1.136
  6.390   1.146
  6.400   1.155
  6.410   1.164
  6.420   1.172
  6.430   1.181
  6.440   1.190
  6.450   1.198
  6.460   1.207
  6.470   1.215
  6.480   1.223
  6.490   1.231
  6.500   1.239
  6.510   1.247
  6.520   1.254
  6.530   1.262
  6.540   1.269
  6.550   1.276
  6.560   1.283
  6.570   1.290
  6.580   1.297
  6.590   1.304
  6.600   1.311
  6.610   1.317
  6.620   1.323
  6.630   1.330
  6.640   1.336
  6.650   1.342
  6.660   1.347
  6.670   1.353
  6.680   1.359
  6.690   1.364
  6.700   1.369
  6.710   1.374
  6.720   1.379
  6.730   1.384
  6.740   1.389
  6.750   1.394
  6.760   1.398
  6.770   1.402
  6.780   1.407
  6.790   1.411
  6.800   1.414
  6.810   1.418
  6.820   1.422
  6.830   1.425
  6.840   1.429
  6.850   1.432
  6.860   1.435
  6.870   1.438
  6.880   1.440
  6.890   1.443
  6.900   1.446
  6.910   1.448
  6.920   1.450
  6.930   1.452
  6.940   1.454
  6.950   1.456
  6.960   1.457
  6.970   1.459
  6.980   1.460
  6.990   1.461
  7.000   1.462
  7.010   1.463
  7.020   1.464
  7.030   1.464
  7.040   1.465
  7.050   1.465
  7.060   1.465
  7.070   1.465
  7.080   1.465
  7.090   1.465
  7.100   1.464
  7.110   1.464
  7.120   1.463
  7.130   1.462
  7.140   1.461
  7.150   1.460
  7.160   1.458
  7.170   1.457
  7.180   1.455
  7.190   1.453
  7.200   1.452
  7.210   1.449
  7.220   1.447
  7.230   1.445
  7.240   1.442
  7.250   1.440
  7.260   1.437
  7.270   1.434
  7.280   1.431
  7.290   1.428
  7.300   1.424
  7.310   1.421
  7.320   1.417
  7.330   1.413
  7.340   1.410
  7.350   1.405
  7.360   1.401
  7.370   1.397
  7.380   1.392
  7.390   1.388
  7.400   1.383
  7.410   1.378
  7.420   1.373
  7.430   1.368
  7.440   1.363
  7.450   1.357
  7.460   1.351
  7.470   1.346
  7.480   1.340
  7.490   1.334
  7.500   1.328
  7.510   1.321
  7.520   1.315
  7.530   1.309
  7.540   1.302
  7.550   1.295
  7.560   1.288
  7.570   1.281
  7.580   1.274
  7.590   1.267
  7.600   1.259
  7.610   1.252
  7.620   1.244
  7.630   1.236
  7.640   1.228
  7.650   1.220
  7.660   1.212
  7.670   1.204
  7.680   1.195
  7.690   1.187
  7.700   1.178
  7.710   1.169
  7.720   1.160
  7.730   1.151
  7.740   1.142
  7.750   1.133
  7.760   1.123
  7.770   1.114
  7.780   1.104
  7.790   1.095
  7.800   1.085
  7.810   1.075
  7.820   1.065
  7.830   1.055
  7.840   1.044
  7.850   1.034
  7.860   1.024
  7.870   1.013
  7.880   1.002
  7.890   0.992
  7.900   0.981
  7.910   0.970
  7.920   0.959
  7.930   0.948
  7.940   0.936
  7.950   0.925
  7.960   0.913
  7.970   0.902
  7.980   0.890
  7.990   0.879
  8.000   0.867
  8.010   0.855
  8.020   0.843
  8.030   0.831
  8.040   0.819
  8.050   0.806
  8.060   0.794
  8.070   0.782
  8.080   0.769
  8.090   0.757
  8.100   0.744
  8.110   0.731
  8.120   0.719
  8.130   0.706
  8.140   0.693
  8.150   0.680
  8.160   0.667
  8.170   0.654
  8.180   0.640
  8.190   0.627
  8.200   0.614
  8.210   0.600
  8.220   0.587
  8.230   0.573
  8.240   0.560
  8.250   0.546
  8.260   0.533
  8.270   0.519
  8.280   0.505
  8.290   0.491
  8.300   0.477
  8.310   0.463
  8.320   0.449
  8.330   0.435
  8.340   0.421
  8.350   0.407
  8.360   0.393
  8.370   0.379
  8.380   0.364
  8.390   0.350
  8.400   0.336
  8.410   0.321
  8.420   0.307
  8.430   0.293
  8.440   0.278
  8.450   0.264
  8.460   0.249
  8.470   0.235
  8.480   0.220
  8.490   0.205
  8.500   0.191
  8.510   0.176
  8.520   0.162
  8.530   0.147
  8.540   0.132
  8.550   0.117
  8.560   0.103
  8.570   0.088
  8.580   0.073
  8.590   0.059
  8.600   0.044
  8.610   0.029
  8.620   0.014
  8.630  -0.000
  8.640  -0.015
  8.650  -0.030
  8.660  -0.045
  8.670  -0.060
  8.680  -0.074
  8.690  -0.089
  8.700  -0.104
  8.710  -0.119
  8.720  -0.133
  8.730  -0.148
  8.740  -0.163
  8.750  -0.177
  8.760  -0.192
  8.770  -0.207
  8.780  -0.221
  8.790  -0.236
  8.800  -0.251
  8.810  -0.265
  8.820  -0.280
  8.830  -0.294
  8.840  -0.309
  8.850  -0.323
  8.860  -0.337
  8.870  -0.352
  8.880  -0.366
  8.890  -0.381
  8.900  -0.395
  8.910  -0.409
  8.920  -0.423
  8.930  -0.437
  8.940  -0.452
  8.950  -0.466
  8.960  -0.480
  8.970  -0.494
  8.980  -0.508
  8.990  -0.522
  9.000  -0.535
  9.010  -0.549
  9.020  -0.563
  9.030  -0.577
  9.040  -0.590
  9.050  -0.604
  9.060  -0.617
  9.070  -0.631
  9.080  -0.644
  9.090  -0.657
  9.100  -0.671
  9.110  -0.684
  9.120  -0.697
  9.130  -0.710
  9.140  -0.723
  9.150  -0.736
  9.160  -0.749
  9.170  -0.762
  9.180  -0.774
  9.190  -0.787
  9.200  -0.800
  9.210  -0.812
  9.220  -0.824
  9.230  -0.837
  9.240  -0.849
  9.250  -0.861
  9.260  -0.873
  9.270  -0.885
  9.280  -0.897
  9.290  -0.909
  9.300  -0.920
  9.310  -0.932
  9.320  -0.944
  9.330  -0.955
  9.340  -0.966
  9.350  -0.978
  9.360  -0.989
  9.370  -1.000
  9.380  -1.011
  9.390  -1.021
  9.400  -1.032
  9.410  -1.043
  9.420  -1.053
  9.430  -1.064
  9.440  -1.074
  9.450  -1.084
  9.460  -1.094
  9.470  -1.105
  9.480  -1.114
  9.490  -1.124
  9.500  -1.134
  9.510  -1.143
  9.520  -1.153
  9.530  -1.162
  9.540  -1.171
  9.550  -1.181
  9.560  -1.189
  9.570  -1.198
  9.580  -1.207
  9.590  -1.216
  9.600  -1.224
  9.610  -1.233
  9.620  -1.241
  9.630  -1.249
  9.640  -1.257
  9.650  -1.265
  9.660  -1.273
  9.670  -1.280
  9.680  -1.288
  9.690  -1.295
  9.700  -1.302
  9.710  -1.310
  9.720  -1.317
  9.730  -1.323
  9.740  -1.330
  9.750  -1.337
  9.760  -1.343
  9.770  -1.350
  9.780  -1.356
  9.790  -1.362
  9.800  -1.368
  9.810  -1.374
  9.820  -1.379
  9.830  -1.385
  9.840  -1.390
  9.850  -1.395
  9.860  -1.400
  9.870  -1.405
  9.880  -1.410
  9.890  -1.415
  9.900  -1.419
  9.910  -1.424
  9.920  -1.428
  9.930  -1.432
  9.940  -1.436
  9.950  -1.440
  9.960  -1.444
  9.970  -1.447
  9.980  -1.451
  9.990  -1.454
 10.000  -1.457
 10.010  -1.460
 10.020  -1.463
 10.030  -1.465
 10.040  -1.468
 10.050  -1.470
 10.060  -1.473
 10.070  -1.475
 10.080  -1.477
 10.090  -1.478
 10.100  -1.480
 10.110  -1.482
 10.120  -1.483
 10.130  -1.484
 10.140  -1.485
 10.150  -1.486
 10.160  -1.487
 10.170  -1.487
 10.180  -1.488
 10.190  -1.488
 10.200  -1.488
 10.210  -1.488
 10.220  -1.488
 10.230  -1.488
 10.240  -1.487
 10.250  -1.487
 10.260  -1.486
 10.270  -1.485
 10.280  -1.484
 10.290  -1.483
 10.300  -1.482
 10.310  -1.480
 10.320  -1.479
 10.330  -1.477
 10.340  -1.475
 10.350  -1.473
 10.360  -1.471
 10.370  -1.468
 10.380  -1.466
 10.390  -1.463
 10.400  -1.460
 10.410  -1.457
 10.420  -1.454
 10.430  -1.451
 10.440  -1.448
 10.450  -1.444
 10.460  -1.440
 10.470  -1.437
 10.480  -1.433
 10.490  -1.428
 10.500  -1.424
 10.510  -1.420
 10.520  -1.415
 10.530  -1.411
 10.540  -1.406
 10.550  -1.401
 10.560  -1.396
 10.570  -1.390
 10.580  -1.385
 10.590  -1.380
 10.600  -1.374
 10.610  -1.368
 10.620  -1.362
 10.630  -1.356
 10.640  -1.350
 10.650  -1.343
 10.660  -1.337
 10.670  -1.330
 10.680  -1.324
 10.690  -1.317
 10.700  -1.310
 10.710  -1.303
 10.720  -1.295
 10.730  -1.288
 10.740  -1.280
 10.750  -1.273
 10.760  -1.265
 10.770  -1.257
 10.780  -1.249
 10.790  -1.241
 10.800  -1.232
 10.810  -1.224
 10.820  -1.216
 10.830  -1.207
 10.840  -1.198
 10.850  -1.189
 10.860  -1.180
 10.870  -1.171
 10.880  -1.162
 10.890  -1.152
 10.900  -1.143
 10.910  -1.133
 10.920  -1.123
 10.930  -1.114
 10.940  -1.104
 10.950  -1.094
 10.960  -1.083
 10.970  -1.073
 10.980  -1.063
 10.990  -1.052
 11.000  -1.042
 11.010  -1.031
 11.020  -1.020
 11.030  -1.009
 11.040  -0.998
 11.050  -0.987
 11.060  -0.976
 11.070  -0.964
 11.080  -0.953
 11.090  -0.942
 11.100  -0.930
 11.110  -0.918
 11.120  -0.906
 11.130  -0.895
 11.140  -0.883
 11.150  -0.870
 11.160  -0.858
 11.170  -0.846
 11.180  -0.834
 11.190  -0.821
 11.200  -0.809
 11.210  -0.796
 11.220  -0.784
 11.230  -0.771
 11.240  -0.758
 11.250  -0.745
 11.260  -0.732
 11.270  -0.719
 11.280  -0.706
 11.290  -0.693
 11.300  -0.680
 11.310  -0.666
 11.320  -0.653
 11.330  -0.639
 11.340  -0.626
 11.350  -0.612
 11.360  -0.599
 11.370  -0.585
 11.380  -0.571
 11.390  -0.557
 11.400  -0.543
 11.410  -0.529
 11.420  -0.515
 11.430  -0.501
 11.440  -0.487
 11.450  -0.473
 11.460  -0.459
 11.470  -0.445
 11.480  -0.430
 11.490  -0.416
 11.500  -0.402
 11.510  -0.387
 11.520  -0.373
 11.530  -0.358
 11.540  -0.344
 11.550  -0.329
 11.560  -0.314
 11.570  -0.300
 11.580  -0.285
 11.590  -0.270
 11.600  -0.256
 11.610  -0.241
 11.620  -0.226
 11.630  -0.211
 11.640  -0.196
 11.650  -0.181
 11.660  -0.167
 11.670  -0.152
 11.680  -0.137
 11.690  -0.122
 11.700  -0.107
 11.710  -0.092
 11.720  -0.077
 11.730  -0.062
 11.740  -0.047
 11.750  -0.032
 11.760  -0.017
 11.770  -0.002
 11.780   0.013
 11.790   0.028
 11.800   0.043
 11.810   0.058
 11.820   0.073
 11.830   0.088
 11.840   0.103
 11.850   0.118
 11.860   0.133
 11.870   0.148
 11.880   0.163
 11.890   0.178
 11.900   0.193
 11.910   0.207
 11.920   0.222
 11.930   0.237
 11.940   0.252
 11.950   0.267
 11.960   0.282
 11.970   0.296
 11.980   0.311
 11.990   0.326
 12.000   0.340
 12.010   0.355
 12.020   0.370
 12.030   0.384
 12.040   0.399
 12.050   0.413
 12.060   0.428
 12.070   0.442
 12.080   0.456
 12.090   0.471
 12.100   0.485
 12.110   0.499
 12.120   0.513
 12.130   0.527
 12.140   0.542
 12.150   0.556
 12.160   0.569
 12.170   0.583
 12.180   0.597
 12.190   0.611
 12.200   0.625
 12.210   0.638
 12.220   0.652
 12.230   0.666
 12.240   0.679
 12.250   0.692
 12.260   0.706
 12.270   0.719
 12.280   0.732
 12.290   0.745
 12.300   0.759
 12.310   0.772
 12.320   0.784
 12.330   0.797
 12.340   0.810
 12.350   0.823
 12.360   0.835
 12.370   0.848
 12.380   0.860
 12.390   0.873
 12.400   0.885
 12.410   0.897
 12.420   0.909
 12.430   0.921
 12.440   0.933
 12.450   0.945
 12.460   0.956
 12.470   0.968
 12.480   0.980
 12.490   0.991
 12.500   1.002
 12.510   1.014
 12.520   1.025
 12.530   1.036
 12.540   1.047
 12.550   1.058
 12.560   1.068
 12.570   1.079
 12.580   1.089
 12.590   1.100
 12.600   1.110
 12.610   1.120
 12.620   1.130
 12.630   1.140
 12.640   1.150
 12.650   1.160
 12.660   1.169
 12.670   1.179
 12.680   1.188
 12.690   1.198
 12.700   1.207
 12.710   1.216
 12.720   1.225
 12.730   1.233
 12.740   1.242
 12.750   1.251
 12.760   1.259
 12.770   1.267
 12.780   1.276
 12.790   1.284
 12.800   1.292
 12.810   1.299
 12.820   1.307
 12.830   1.314
 12.840   1.322
 12.850   1.329
 12.860   1.336
 12.870   1.343
 12.880   1.350
 12.890   1.357
 12.900   1.363
 12.910   1.370
 12.920   1.376
 12.930   1.382
 12.940   1.388
 12.950   1.394
 12.960   1.400
 12.970   1.406
 12.980   1.411
 12.990   1.417
 13.000   1.422
 13.010   1.427
 13.020   1.432
 13.030   1.437
 13.040   1.441
 13.050   1.446
 13.060   1.450
 13.070   1.454
 13.080   1.458
 13.090   1.462
 13.100   1.466
 13.110   1.470
 13.120   1.473
 13.130   1.476
 13.140   1.480
 13.150   1.483
 13.160   1.485
 13.170   1.488
 13.180   1.491
 13.190   1.493
 13.200   1.496
 13.210   1.498
 13.220   1.500
 13.230   1.501
 13.240   1.503
 13.250   1.505
 13.260   1.506
 13.270   1.507
 13.280   1.508
 13.290   1.509
 13.300   1.510
 13.310   1.511
 13.320   1.511
 13.330   1.512
 13.340   1.512
 13.350   1.512
 13.360   1.512
 13.370   1.511
 13.380   1.511
 13.390   1.510
 13.400   1.510
 13.410   1.509
 13.420   1.508
 13.430   1.507
 13.440   1.505
 13.450   1.504
 13.460   1.502
 13.470   1.500
 13.480   1.499
 13.490   1.496
 13.500   1.494
 13.510   1.492
 13.520   1.489
 13.530   1.487
 13.540   1.484
 13.550   1.481
 13.560   1.478
 13.570   1.474
 13.580   1.471
 13.590   1.467
 13.600   1.464
 13.610   1.460
 13.620   1.456
 13.630   1.452
 13.640   1.447
 13.650   1.443
 13.660   1.438
 13.670   1.434
 13.680   1.429
 13.690   1.424
 13.700   1.419
 13.710   1.413
 13.720   1.408
 13.730   1.402
 13.740   1.397
 13.750   1.391
 13.760   1.385
 13.770   1.379
 13.780   1.372
 13.790   1.366
 13.800   1.359
 13.810   1.353
 13.820   1.346
 13.830   1.339
 13.840   1.332
 13.850   1.324
 13.860   1.317
 13.870   1.310
 13.880   1.302
 13.890   1.294
 13.900   1.286
 13.910   1.278
 13.920   1.270
 13.930   1.262
 13.940   1.253
 13.950   1.245
 13.960   1.236
 13.970   1.227
 13.980   1.219
 13.990   1.210
 14.000   1.200
 14.010   1.191
 14.020   1.182
 14.030   1.172
 14.040   1.163
 14.050   1.153
 14.060   1.143
 14.070   1.133
 14.080   1.123
 14.090   1.113
 14.100   1.102
 14.110   1.092
 14.120   1.081
 14.130   1.071
 14.140   1.060
 14.150   1.049
 14.160   1.038
 14.170   1.027
 14.180   1.016
 14.190   1.005
 14.200   0.993
 14.210   0.982
 14.220   0.970
 14.230   0.958
 14.240   0.947
 14.250   0.935
 14.260   0.923
 14.270   0.911
 14.280   0.899
 14.290   0.886
 14.300   0.874
 14.310   0.862
 14.320   0.849
 14.330   0.836
 14.340   0.824
 14.350   0.811
 14.360   0.798
 14.370   0.785
 14.380   0.772
 14.390   0.759
 14.400   0.746
 14.410   0.733
 14.420   0.719
 14.430   0.706
 14.440   0.693
 14.450   0.679
 14.460   0.665
 14.470   0.652
 14.480   0.638
 14.490   0.624
 14.500   0.610
 14.510   0.596
 14.520   0.582
 14.530   0.568
 14.540   0.554
 14.550   0.540
 14.560   0.526
 14.570   0.512
 14.580   0.497
 14.590   0.483
 14.600   0.469
 14.610   0.454
 14.620   0.440
 14.630   0.425
 14.640   0.410
 14.650   0.396
 14.660   0.381
 14.670   0.366
 14.680   0.352
 14.690   0.337
 14.700   0.322
 14.710   0.307
 14.720   0.292
 14.730   0.277
 14.740   0.262
 14.750   0.247
 14.760   0.232
 14.770   0.217
 14.780   0.202
 14.790   0.187
 14.800   0.172
 14.810   0.157
 14.820   0.142
 14.830   0.126
 14.840   0.111
 14.850   0.096
 14.860   0.081
 14.870   0.066
 14.880   0.050
 14.890   0.035
 14.900   0.020
 14.910   0.005
 14.920  -0.011
 14.930  -0.026
 14.940  -0.041
 14.950  -0.056
 14.960  -0.072
 14.970  -0.087
 14.980  -0.102
 14.990  -0.117
 15.000  -0.132
 15.010  -0.148
 15.020  -0.163
 15.030  -0.178
 15.040  -0.193
 15.050  -0.208
 15.060  -0.223
 15.070  -0.238
 15.080  -0.253
 15.090  -0.268
 15.100  -0.283
 15.110  -0.298
 15.120  -0.313
 15.130  -0.328
 15.140  -0.343
 15.150  -0.358
 15.160  -0.373
 15.170  -0.388
 15.180  -0.402
 15.190  -0.417
 15.200  -0.432
 15.210  -0.446
 15.220  -0.461
 15.230  -0.476
 15.240  -0.490
 15.250  -0.505
 15.260  -0.519
 15.270  -0.533
 15.280  -0.548
 15.290  -0.562
 15.300  -0.576
 15.310  -0.590
 15.320  -0.604
 15.330  -0.618
 15.340  -0.632
 15.350  -0.646
 15.360  -0.660
 15.370  -0.674
 15.380  -0.688
 15.390  -0.701
 15.400  -0.715
 15.410  -0.728
 15.420  -0.742
 15.430  -0.755
 15.440  -0.768
 15.450  -0.781
 15.460  -0.795
 15.470  -0.808
 15.480  -0.821
 15.490  -0.834
 15.500  -0.846
 15.510  -0.859
 15.520  -0.872
 15.530  -0.884
 15.540  -0.897
 15.550  -0.909
 15.560  -0.921
 15.570  -0.934
 15.580  -0.946
 15.590  -0.958
 15.600  -0.970
 15.610  -0.981
 15.620  -0.993
 15.630  -1.005
 15.640  -1.016
 15.650  -1.028
 15.660  -1.039
 15.670  -1.050
 15.680  -1.061
 15.690  -1.072
 15.700  -1.083
 15.710  -1.094
 15.720  -1.105
 15.730  -1.115
 15.740  -1.126
 15.750  -1.136
 15.760  -1.147
 15.770  -1.157
 15.780  -1.167
 15.790  -1.177
 15.800  -1.186
 15.810  -1.196
 15.820  -1.206
 15.830  -1.215
 15.840  -1.224
 15.850  -1.234
 15.860  -1.243
 15.870  -1.252
 15.880  -1.260
 15.890  -1.269
 15.900  -1.278
 15.910  -1.286
 15.920  -1.294
 15.930  -1.303
 15.940  -1.311
 15.950  -1.319
 15.960  -1.326
 15.970  -1.334
 15.980  -1.342
 15.990  -1.349
 16.000  -1.356
 16.010  -1.363
 16.020  -1.370
 16.030  -1.377
 16.040  -1.384
 16.050  -1.390
 16.060  -1.397
 16.070  -1.403
 16.080  -1.409
 16.090  -1.415
 16.100  -1.421
 16.110  -1.427
 16.120  -1.433
 16.130  -1.438
 16.140  -1.443
 16.150  -1.449
 16.160  -1.454
 16.170  -1.458
 16.180  -1.463
 16.190  -1.468
 16.200  -1.472
 16.210  -1.477
 16.220  -1.481
 16.230  -1.485
 16.240  -1.489
 16.250  -1.492
 16.260  -1.496
 16.270  -1.499
 16.280  -1.502
 16.290  -1.506
 16.300  -1.508
 16.310  -1.511
 16.320  -1.514
 16.330  -1.516
 16.340  -1.519
 16.350  -1.521
 16.360  -1.523
 16.370  -1.525
 16.380  -1.527
 16.390  -1.528
 16.400  -1.530
 16.410  -1.531
 16.420  -1.532
 16.430  -1.533
 16.440  -1.534
 16.450  -1.535
 16.460  -1.535
 16.470  -1.536
 16.480  -1.536
 16.490  -1.536
 16.500  -1.536
 16.510  -1.535
 16.520  -1.535
 16.530  -1.535
 16.540  -1.534
 16.550  -1.533
 16.560  -1.532
 16.570  -1.531
 16.580  -1.529
 16.590  -1.528
 16.600  -1.526
 16.610  -1.525
 16.620  -1.523
 16.630  -1.521
 16.640  -1.518
 16.650  -1.516
 16.660  -1.513
 16.670  -1.511
 16.680  -1.508
 16.690  -1.505
 16.700  -1.502
 16.710  -1.498
 16.720  -1.495
 16.730  -1.491
 16.740  -1.488
 16.750  -1.484
 16.760  -1.480
 16.770  -1.475
 16.780  -1.471
 16.790  -1.467
 16.800  -1.462
 16.810  -1.457
 16.820  -1.452
 16.830  -1.447
 16.840  -1.442
 16.850  -1.437
 16.860  -1.431
 16.870  -1.425
 16.880  -1.420
 16.890  -1.414
 16.900  -1.408
 16.910  -1.401
 16.920  -1.395
 16.930  -1.389
 16.940  -1.382
 16.950  -1.375
 16.960  -1.368
 16.970  -1.361
 16.980  -1.354
 16.990  -1.347
 17.000  -1.339
 17.010  -1.332
 17.020  -1.324
 17.030  -1.316
 17.040  -1.308
 17.050  -1.300
 17.060  -1.292
 17.070  -1.283
 17.080  -1.275
 17.090  -1.266
 17.100  -1.257
 17.110  -1.248
 17.120  -1.239
 17.130  -1.230
 17.140  -1.221
 17.150  -1.212
 17.160  -1.202
 17.170  -1.192
 17.180  -1.183
 17.190  -1.173
 17.200  -1.163
 17.210  -1.153
 17.220  -1.142
 17.230  -1.132
 17.240  -1.122
 17.250  -1.111
 17.260  -1.100
 17.270  -1.090
 17.280  -1.079
 17.290  -1.068
 17.300  -1.056
 17.310  -1.045
 17.320  -1.034
 17.330  -1.022
 17.340  -1.011
 17.350  -0.999
 17.360  -0.987
 17.370  -0.976
 17.380  -0.964
 17.390  -0.952
 17.400  -0.940
 17.410  -0.927
 17.420  -0.915
 17.430  -0.903
 17.440  -0.890
 17.450  -0.877
 17.460  -0.865
 17.470  -0.852
 17.480  -0.839
 17.490  -0.826
 17.500  -0.813
 17.510  -0.800
 17.520  -0.787
 17.530  -0.773
 17.540  -0.760
 17.550  -0.747
 17.560  -0.733
 17.570  -0.720
 17.580  -0.706
 17.590  -0.692
 17.600  -0.678
 17.610  -0.664
 17.620  -0.651
 17.630  -0.637
 17.640  -0.622
 17.650  -0.608
 17.660  -0.594
 17.670  -0.580
 17.680  -0.566
 17.690  -0.551
 17.700  -0.537
 17.710  -0.522
 17.720  -0.508
 17.730  -0.493
 17.740  -0.478
 17.750  -0.464
 17.760  -0.449
 17.770  -0.434
 17.780  -0.419
 17.790  -0.404
 17.800  -0.390
 17.810  -0.375
 17.820  -0.360
 17.830  -0.345
 17.840  -0.330
 17.850  -0.314
 17.860  -0.299
 17.870  -0.284
 17.880  -0.269
 17.890  -0.254
 17.900  -0.238
 17.910  -0.223
 17.920  -0.208
 17.930  -0.192
 17.940  -0.177
 17.950  -0.162
 17.960  -0.146
 17.970  -0.131
 17.980  -0.116
 17.990  -0.100
 18.000  -0.085
 18.010  -0.069
 18.020  -0.054
 18.030  -0.038
 18.040  -0.023
 18.050  -0.007
 18.060   0.008
 18.070   0.024
 18.080   0.039
 18.090   0.055
 18.100   0.070
 18.110   0.085
 18.120   0.101
 18.130   0.116
 18.140   0.132
 18.150   0.147
 18.160   0.163
 18.170   0.178
 18.180   0.193
 18.190   0.209
 18.200   0.224
 18.210   0.240
 18.220   0.255
 18.230   0.270
 18.240   0.285
 18.250   0.301
 18.260   0.316
 18.270   0.331
 18.280   0.346
 18.290   0.361
 18.300   0.376
 18.310   0.391
 18.320   0.406
 18.330   0.421
 18.340   0.436
 18.350   0.451
 18.360   0.466
 18.370   0.481
 18.380   0.495
 18.390   0.510
 18.400   0.525
 18.410   0.539
 18.420   0.554
 18.430   0.568
 18.440   0.583
 18.450   0.597
 18.460   0.611
 18.470   0.626
 18.480   0.640
 18.490   0.654
 18.500   0.668
 18.510   0.682
 18.520   0.696
 18.530   0.710
 18.540   0.724
 18.550   0.737
 18.560   0.751
 18.570   0.765
 18.580   0.778
 18.590   0.792
 18.600   0.805
 18.610   0.818
 18.620   0.831
 18.630   0.845
 18.640   0.858
 18.650   0.870
 18.660   0.883
 18.670   0.896
 18.680   0.909
 18.690   0.921
 18.700   0.934
 18.710   0.946
 18.720   0.959
 18.730   0.971
 18.740   0.983
 18.750   0.995
 18.760   1.007
 18.770   1.019
 18.780   1.030
 18.790   1.042
 18.800   1.054
 18.810   1.065
 18.820   1.076
 18.830   1.088
 18.840   1.099
 18.850   1.110
 18.860   1.120
 18.870   1.131
 18.880   1.142
 18.890   1.152
 18.900   1.163
 18.910   1.173
 18.920   1.183
 18.930   1.193
 18.940   1.203
 18.950   1.213
 18.960   1.223
 18.970   1.233
 18.980   1.242
 18.990   1.251
 19.000   1.261
 19.010   1.270
 19.020   1.279
 19.030   1.288
 19.040   1.296
 19.050   1.305
 19.060   1.313
 19.070   1.322
 19.080   1.330
 19.090   1.338
 19.100   1.346
 19.110   1.354
 19.120   1.361
 19.130   1.369
 19.140   1.376
 19.150   1.384
 19.160   1.391
 19.170   1.398
 19.180   1.405
 19.190   1.411
 19.200   1.418
 19.210   1.424
 19.220   1.431
 19.230   1.437
 19.240   1.443
 19.250   1.449
 19.260   1.454
 19.270   1.460
 19.280   1.465
 19.290   1.471
 19.300   1.476
 19.310   1.481
 19.320   1.486
 19.330   1.490
 19.340   1.495
 19.350   1.499
 19.360   1.503
 19.370   1.507
 19.380   1.511
 19.390   1.515
 19.400   1.519
 19.410   1.522
 19.420   1.526
 19.430   1.529
 19.440   1.532
 19.450   1.535
 19.460   1.537
 19.470   1.540
 19.480   1.542
 19.490   1.545
 19.500   1.547
 19.510   1.549
 19.520   1.551
 19.530   1.552
 19.540   1.554
 19.550   1.555
 19.560   1.556
 19.570   1.557
 19.580   1.558
 19.590   1.559
 19.600   1.559
 19.610   1.560
 19.620   1.560
 19.630   1.560
 19.640   1.560
 19.650   1.560
 19.660   1.559
 19.670   1.559
 19.680   1.558
 19.690   1.557
 19.700   1.556
 19.710   1.555
 19.720   1.554
 19.730   1.552
 19.740   1.551
 19.750   1.549
 19.760   1.547
 19.770   1.545
 19.780   1.543
 19.790   1.540
 19.800   1.538
 19.810   1.535
 19.820   1.532
 19.830   1.529
 19.840   1.526
 19.850   1.523
 19.860   1.519
 19.870   1.516
 19.880   1.512
 19.890   1.508
 19.900   1.504
 19.910   1.500
 19.920   1.495
 19.930   1.491
 19.940   1.486
 19.950   1.481
 19.960   1.476
 19.970   1.471
 19.980   1.466
 19.990   1.460
