0.000000 0.000000
0.010000 0.000000
0.020000 0.000000
0.030000 0.000000
0.040000 0.000000
0.050000 0.000000
0.060000 0.000000
0.070000 0.000000
0.080000 0.000000
0.090000 0.000000
0.100000 0.000000
0.110000 0.000000
0.120000 0.000000
0.130000 0.000000
0.140000 0.000000
0.150000 0.000000
0.160000 0.000000
0.170000 0.000000
0.180000 0.000000
0.190000 0.000000
0.200000 0.000000
0.210000 0.000000
0.220000 0.000000
0.230000 0.000000
0.240000 0.000000
0.250000 0.000000
0.260000 0.000000
0.270000 0.000000
0.280000 0.000000
0.290000 0.000000
0.300000 0.000000
0.310000 0.000000
0.320000 0.000000
0.330000 0.000000
0.340000 0.000000
0.350000 0.000000
0.360000 0.000000
0.370000 0.000000
0.380000 0.000000
0.390000 0.000000
0.400000 0.000000
0.410000 0.000000
0.420000 0.000000
0.430000 0.000000
0.440000 0.000000
0.450000 0.000000
0.460000 0.000000
0.470000 0.000000
0.480000 0.000000
0.490000 0.000000
0.500000 0.000000
0.510000 0.000000
0.520000 0.000000
0.530000 0.000000
0.540000 0.000000
0.550000 0.000000
0.560000 0.000000
0.570000 0.000000
0.580000 0.000000
0.590000 0.000000
0.600000 0.000000
0.610000 0.000000
0.620000 0.000000
0.630000 0.000000
0.640000 0.000000
0.650000 0.000000
0.660000 0.000000
0.670000 0.000000
0.680000 0.000000
0.690000 0.000000
0.700000 0.000000
0.710000 0.000000
0.720000 0.000000
0.730000 0.000000
0.740000 0.000000
0.750000 0.000000
0.760000 0.000000
0.770000 0.000000
0.780000 0.000000
0.790000 0.000000
0.800000 0.000000
0.810000 0.000000
0.820000 0.000000
0.830000 0.000000
0.840000 0.000000
0.850000 0.000000
0.860000 0.000000
0.870000 0.000000
0.880000 0.000000
0.890000 0.000000
0.900000 0.000000
0.910000 0.000000
0.920000 0.000000
0.930000 0.000000
0.940000 0.000000
0.950000 0.000000
0.960000 0.000000
0.970000 0.000000
0.980000 0.000000
0.990000 0.000000
1.000000 1.000000


0.000000 0.000000
0.010000 0.000000
0.020000 0.000000
0.030000 0.000000
0.040000 0.000000
0.050000 0.000000
0.060000 0.000000
0.070000 0.000000
0.080000 0.000000
0.090000 0.000000
0.100000 0.000000
0.110000 0.000000
0.120000 0.000000
0.130000 0.000000
0.140000 0.000000
0.150000 0.000000
0.160000 0.000000
0.170000 0.000000
0.180000 0.000000
0.190000 0.000000
0.200000 0.000000
0.210000 0.000000
0.220000 0.000000
0.230000 0.000000
0.240000 0.000000
0.250000 0.000000
0.260000 0.000000
0.270000 0.000000
0.280000 0.000000
0.290000 0.000000
0.300000 0.000000
0.310000 0.000000
0.320000 0.000000
0.330000 0.000000
0.340000 0.000000
0.350000 0.000000
0.360000 0.000000
0.370000 0.000000
0.380000 0.000000
0.390000 0.000000
0.400000 0.000000
0.410000 0.000000
0.420000 0.000000
0.430000 0.000000
0.440000 0.000000
0.450000 0.000000
0.460000 0.000000
0.470000 0.000000
0.480000 0.000000
0.490000 0.000000
0.500000 0.000000
0.510000 0.000000
0.520000 0.000000
0.530000 0.000000
0.540000 0.000000
0.550000 0.000000
0.560000 0.000000
0.570000 0.000000
0.580000 0.000000
0.590000 0.000000
0.600000 0.000000
0.610000 0.000000
0.620000 0.000000
0.630000 0.000000
0.640000 0.000000
0.650000 0.000000
0.660000 0.000000
0.670000 0.000000
0.680000 0.000000
0.690000 0.000000
0.700000 0.000000
0.710000 0.000000
0.720000 0.000000
0.730000 0.000000
0.740000 0.000000
0.750000 0.000000
0.760000 0.000000
0.770000 0.000001
0.780000 0.000002
0.790000 0.000006
0.800000 0.000015
0.810000 0.000037
0.820000 0.000090
0.830000 0.000208
0.840000 0.000465
0.850000 0.001002
0.860000 0.002082
0.870000 0.004168
0.880000 0.008032
0.890000 0.014892
0.900000 0.026553
0.910000 0.045511
0.920000 0.074964
0.930000 0.118652
0.940000 0.180465
0.950000 0.263829
0.960000 0.370914
0.970000 0.501854
0.980000 0.654183
0.990000 0.822717
1.000000 1.000000


0.000000 0.000000
0.010000 0.000000
0.020000 0.000000
0.030000 0.000000
0.040000 0.000000
0.050000 0.000000
0.060000 0.000000
0.070000 0.000000
0.080000 0.000000
0.090000 0.000000
0.100000 0.000000
0.110000 0.000000
0.120000 0.000000
0.130000 0.000000
0.140000 0.000000
0.150000 0.000000
0.160000 0.000000
0.170000 0.000000
0.180000 0.000000
0.190000 0.000000
0.200000 0.000000
0.210000 0.000000
0.220000 0.000000
0.230000 0.000000
0.240000 0.000000
0.250000 0.000000
0.260000 0.000000
0.270000 0.000000
0.280000 0.000000
0.290000 0.000000
0.300000 0.000000
0.310000 0.000000
0.320000 0.000000
0.330000 0.000000
0.340000 0.000000
0.350000 0.000000
0.360000 0.000000
0.370000 0.000000
0.380000 0.000000
0.390000 0.000000
0.400000 0.000000
0.410000 0.000000
0.420000 0.000000
0.430000 0.000000
0.440000 0.000000
0.450000 0.000000
0.460000 0.000000
0.470000 0.000000
0.480000 0.000000
0.490000 0.000000
0.500000 0.000000
0.510000 0.000000
0.520000 0.000000
0.530000 0.000000
0.540000 0.000000
0.550000 0.000000
0.560000 0.000000
0.570000 0.000000
0.580000 0.000000
0.590000 0.000000
0.600000 0.000000
0.610000 0.000000
0.620000 0.000000
0.630000 0.000000
0.640000 0.000000
0.650000 0.000000
0.660000 0.000000
0.670000 0.000000
0.680000 0.000001
0.690000 0.000002
0.700000 0.000003
0.710000 0.000007
0.720000 0.000014
0.730000 0.000027
0.740000 0.000051
0.750000 0.000097
0.760000 0.000180
0.770000 0.000326
0.780000 0.000580
0.790000 0.001010
0.800000 0.001724
0.810000 0.002881
0.820000 0.004716
0.830000 0.007561
0.840000 0.011870
0.850000 0.018249
0.860000 0.027472
0.870000 0.040496
0.880000 0.058457
0.890000 0.082638
0.900000 0.114416
0.910000 0.155176
0.920000 0.206195
0.930000 0.268502
0.940000 0.342739
0.950000 0.429020
0.960000 0.526835
0.970000 0.634985
0.980000 0.751605
0.990000 0.874241
1.000000 1.000000


0.000000 0.000000
0.010000 0.000000
0.020000 0.000000
0.030000 0.000000
0.040000 0.000000
0.050000 0.000000
0.060000 0.000000
0.070000 0.000000
0.080000 0.000000
0.090000 0.000000
0.100000 0.000000
0.110000 0.000000
0.120000 0.000000
0.130000 0.000000
0.140000 0.000000
0.150000 0.000000
0.160000 0.000000
0.170000 0.000000
0.180000 0.000000
0.190000 0.000000
0.200000 0.000000
0.210000 0.000000
0.220000 0.000000
0.230000 0.000000
0.240000 0.000000
0.250000 0.000000
0.260000 0.000000
0.270000 0.000000
0.280000 0.000000
0.290000 0.000000
0.300000 0.000000
0.310000 0.000000
0.320000 0.000000
0.330000 0.000000
0.340000 0.000000
0.350000 0.000000
0.360000 0.000000
0.370000 0.000000
0.380000 0.000000
0.390000 0.000000
0.400000 0.000000
0.410000 0.000000
0.420000 0.000000
0.430000 0.000000
0.440000 0.000000
0.450000 0.000000
0.460000 0.000000
0.470000 0.000000
0.480000 0.000000
0.490000 0.000000
0.500000 0.000000
0.510000 0.000000
0.520000 0.000000
0.530000 0.000000
0.540000 0.000000
0.550000 0.000000
0.560000 0.000000
0.570000 0.000000
0.580000 0.000000
0.590000 0.000000
0.600000 0.000000
0.610000 0.000001
0.620000 0.000001
0.630000 0.000002
0.640000 0.000005
0.650000 0.000008
0.660000 0.000014
0.670000 0.000025
0.680000 0.000044
0.690000 0.000074
0.700000 0.000124
0.710000 0.000206
0.720000 0.000336
0.730000 0.000540
0.740000 0.000857
0.750000 0.001341
0.760000 0.002067
0.770000 0.003140
0.780000 0.004704
0.790000 0.006946
0.800000 0.010110
0.810000 0.014506
0.820000 0.020515
0.830000 0.028601
0.840000 0.039309
0.850000 0.053259
0.860000 0.071145
0.870000 0.093705
0.880000 0.121700
0.890000 0.155876
0.900000 0.196917
0.910000 0.245397
0.920000 0.301726
0.930000 0.366099
0.940000 0.438454
0.950000 0.518438
0.960000 0.605395
0.970000 0.698367
0.980000 0.796125
0.990000 0.897209
1.000000 1.000000


0.000000 0.000000
0.010000 0.000000
0.020000 0.000000
0.030000 0.000000
0.040000 0.000000
0.050000 0.000000
0.060000 0.000000
0.070000 0.000000
0.080000 0.000000
0.090000 0.000000
0.100000 0.000000
0.110000 0.000000
0.120000 0.000000
0.130000 0.000000
0.140000 0.000000
0.150000 0.000000
0.160000 0.000000
0.170000 0.000000
0.180000 0.000000
0.190000 0.000000
0.200000 0.000000
0.210000 0.000000
0.220000 0.000000
0.230000 0.000000
0.240000 0.000000
0.250000 0.000000
0.260000 0.000000
0.270000 0.000000
0.280000 0.000000
0.290000 0.000000
0.300000 0.000000
0.310000 0.000000
0.320000 0.000000
0.330000 0.000000
0.340000 0.000000
0.350000 0.000000
0.360000 0.000000
0.370000 0.000000
0.380000 0.000000
0.390000 0.000000
0.400000 0.000000
0.410000 0.000000
0.420000 0.000000
0.430000 0.000000
0.440000 0.000000
0.450000 0.000000
0.460000 0.000000
0.470000 0.000000
0.480000 0.000000
0.490000 0.000000
0.500000 0.000000
0.510000 0.000000
0.520000 0.000000
0.530000 0.000000
0.540000 0.000000
0.550000 0.000001
0.560000 0.000001
0.570000 0.000002
0.580000 0.000003
0.590000 0.000006
0.600000 0.000009
0.610000 0.000015
0.620000 0.000025
0.630000 0.000041
0.640000 0.000065
0.650000 0.000102
0.660000 0.000160
0.670000 0.000246
0.680000 0.000376
0.690000 0.000567
0.700000 0.000848
0.710000 0.001252
0.720000 0.001830
0.730000 0.002645
0.740000 0.003781
0.750000 0.005347
0.760000 0.007478
0.770000 0.010345
0.780000 0.014156
0.790000 0.019159
0.800000 0.025651
0.810000 0.033972
0.820000 0.044507
0.830000 0.057686
0.840000 0.073969
0.850000 0.093843
0.860000 0.117803
0.870000 0.146336
0.880000 0.179896
0.890000 0.218884
0.900000 0.263617
0.910000 0.314310
0.920000 0.371046
0.930000 0.433757
0.940000 0.502214
0.950000 0.576015
0.960000 0.654587
0.970000 0.737200
0.980000 0.822978
0.990000 0.910934
1.000000 1.000000


0.000000 0.000000
0.010000 0.000000
0.020000 0.000000
0.030000 0.000000
0.040000 0.000000
0.050000 0.000000
0.060000 0.000000
0.070000 0.000000
0.080000 0.000000
0.090000 0.000000
0.100000 0.000000
0.110000 0.000000
0.120000 0.000000
0.130000 0.000000
0.140000 0.000000
0.150000 0.000000
0.160000 0.000000
0.170000 0.000000
0.180000 0.000000
0.190000 0.000000
0.200000 0.000000
0.210000 0.000000
0.220000 0.000000
0.230000 0.000000
0.240000 0.000000
0.250000 0.000000
0.260000 0.000000
0.270000 0.000000
0.280000 0.000000
0.290000 0.000000
0.300000 0.000000
0.310000 0.000000
0.320000 0.000000
0.330000 0.000000
0.340000 0.000000
0.350000 0.000000
0.360000 0.000000
0.370000 0.000000
0.380000 0.000000
0.390000 0.000000
0.400000 0.000000
0.410000 0.000000
0.420000 0.000000
0.430000 0.000000
0.440000 0.000000
0.450000 0.000000
0.460000 0.000000
0.470000 0.000000
0.480000 0.000000
0.490000 0.000000
0.500000 0.000001
0.510000 0.000001
0.520000 0.000002
0.530000 0.000003
0.540000 0.000005
0.550000 0.000008
0.560000 0.000013
0.570000 0.000020
0.580000 0.000030
0.590000 0.000046
0.600000 0.000070
0.610000 0.000105
0.620000 0.000157
0.630000 0.000232
0.640000 0.000340
0.650000 0.000494
0.660000 0.000711
0.670000 0.001014
0.680000 0.001433
0.690000 0.002008
0.700000 0.002788
0.710000 0.003838
0.720000 0.005236
0.730000 0.007081
0.740000 0.009491
0.750000 0.012610
0.760000 0.016607
0.770000 0.021680
0.780000 0.028056
0.790000 0.035991
0.800000 0.045770
0.810000 0.057704
0.820000 0.072126
0.830000 0.089383
0.840000 0.109830
0.850000 0.133818
0.860000 0.161682
0.870000 0.193731
0.880000 0.230227
0.890000 0.271376
0.900000 0.317312
0.910000 0.368084
0.920000 0.423643
0.930000 0.483836
0.940000 0.548401
0.950000 0.616966
0.960000 0.689054
0.970000 0.764091
0.980000 0.841418
0.990000 0.920312
1.000000 1.000000


0.000000 0.000000
0.010000 0.000000
0.020000 0.000000
0.030000 0.000000
0.040000 0.000000
0.050000 0.000000
0.060000 0.000000
0.070000 0.000000
0.080000 0.000000
0.090000 0.000000
0.100000 0.000000
0.110000 0.000000
0.120000 0.000000
0.130000 0.000000
0.140000 0.000000
0.150000 0.000000
0.160000 0.000000
0.170000 0.000000
0.180000 0.000000
0.190000 0.000000
0.200000 0.000000
0.210000 0.000000
0.220000 0.000000
0.230000 0.000000
0.240000 0.000000
0.250000 0.000000
0.260000 0.000000
0.270000 0.000000
0.280000 0.000000
0.290000 0.000000
0.300000 0.000000
0.310000 0.000000
0.320000 0.000000
0.330000 0.000000
0.340000 0.000000
0.350000 0.000000
0.360000 0.000000
0.370000 0.000000
0.380000 0.000000
0.390000 0.000000
0.400000 0.000000
0.410000 0.000000
0.420000 0.000000
0.430000 0.000000
0.440000 0.000000
0.450000 0.000001
0.460000 0.000001
0.470000 0.000002
0.480000 0.000002
0.490000 0.000004
0.500000 0.000006
0.510000 0.000009
0.520000 0.000013
0.530000 0.000020
0.540000 0.000030
0.550000 0.000044
0.560000 0.000064
0.570000 0.000094
0.580000 0.000135
0.590000 0.000194
0.600000 0.000277
0.610000 0.000391
0.620000 0.000548
0.630000 0.000764
0.640000 0.001055
0.650000 0.001447
0.660000 0.001971
0.670000 0.002663
0.680000 0.003572
0.690000 0.004756
0.700000 0.006285
0.710000 0.008245
0.720000 0.010736
0.730000 0.013876
0.740000 0.017804
0.750000 0.022675
0.760000 0.028668
0.770000 0.035982
0.780000 0.044834
0.790000 0.055460
0.800000 0.068112
0.810000 0.083052
0.820000 0.100549
0.830000 0.120873
0.840000 0.144286
0.850000 0.171035
0.860000 0.201343
0.870000 0.235401
0.880000 0.273356
0.890000 0.315305
0.900000 0.361284
0.910000 0.411262
0.920000 0.465138
0.930000 0.522732
0.940000 0.583792
0.950000 0.647987
0.960000 0.714919
0.970000 0.784124
0.980000 0.855084
0.990000 0.927240
1.000000 1.000000


0.000000 0.000000
0.010000 0.000000
0.020000 0.000000
0.030000 0.000000
0.040000 0.000000
0.050000 0.000000
0.060000 0.000000
0.070000 0.000000
0.080000 0.000000
0.090000 0.000000
0.100000 0.000000
0.110000 0.000000
0.120000 0.000000
0.130000 0.000000
0.140000 0.000000
0.150000 0.000000
0.160000 0.000000
0.170000 0.000000
0.180000 0.000000
0.190000 0.000000
0.200000 0.000000
0.210000 0.000000
0.220000 0.000000
0.230000 0.000000
0.240000 0.000000
0.250000 0.000000
0.260000 0.000000
0.270000 0.000000
0.280000 0.000000
0.290000 0.000000
0.300000 0.000000
0.310000 0.000000
0.320000 0.000000
0.330000 0.000000
0.340000 0.000000
0.350000 0.000000
0.360000 0.000000
0.370000 0.000000
0.380000 0.000000
0.390000 0.000000
0.400000 0.000000
0.410000 0.000001
0.420000 0.000001
0.430000 0.000002
0.440000 0.000003
0.450000 0.000004
0.460000 0.000006
0.470000 0.000008
0.480000 0.000012
0.490000 0.000018
0.500000 0.000026
0.510000 0.000038
0.520000 0.000054
0.530000 0.000076
0.540000 0.000108
0.550000 0.000152
0.560000 0.000212
0.570000 0.000293
0.580000 0.000404
0.590000 0.000552
0.600000 0.000751
0.610000 0.001014
0.620000 0.001361
0.630000 0.001814
0.640000 0.002404
0.650000 0.003164
0.660000 0.004139
0.670000 0.005378
0.680000 0.006945
0.690000 0.008911
0.700000 0.011361
0.710000 0.014392
0.720000 0.018117
0.730000 0.022662
0.740000 0.028170
0.750000 0.034797
0.760000 0.042714
0.770000 0.052107
0.780000 0.063172
0.790000 0.076115
0.800000 0.091148
0.810000 0.108486
0.820000 0.128340
0.830000 0.150916
0.840000 0.176404
0.850000 0.204977
0.860000 0.236781
0.870000 0.271929
0.880000 0.310500
0.890000 0.352524
0.900000 0.397986
0.910000 0.446817
0.920000 0.498894
0.930000 0.554037
0.940000 0.612012
0.950000 0.672529
0.960000 0.735250
0.970000 0.799792
0.980000 0.865734
0.990000 0.932627
1.000000 1.000000


0.000000 0.000000
0.010000 0.000000
0.020000 0.000000
0.030000 0.000000
0.040000 0.000000
0.050000 0.000000
0.060000 0.000000
0.070000 0.000000
0.080000 0.000000
0.090000 0.000000
0.100000 0.000000
0.110000 0.000000
0.120000 0.000000
0.130000 0.000000
0.140000 0.000000
0.150000 0.000000
0.160000 0.000000
0.170000 0.000000
0.180000 0.000000
0.190000 0.000000
0.200000 0.000000
0.210000 0.000000
0.220000 0.000000
0.230000 0.000000
0.240000 0.000000
0.250000 0.000000
0.260000 0.000000
0.270000 0.000000
0.280000 0.000000
0.290000 0.000000
0.300000 0.000000
0.310000 0.000000
0.320000 0.000000
0.330000 0.000000
0.340000 0.000000
0.350000 0.000000
0.360000 0.000000
0.370000 0.000001
0.380000 0.000001
0.390000 0.000002
0.400000 0.000002
0.410000 0.000003
0.420000 0.000005
0.430000 0.000007
0.440000 0.000011
0.450000 0.000015
0.460000 0.000021
0.470000 0.000030
0.480000 0.000042
0.490000 0.000059
0.500000 0.000082
0.510000 0.000113
0.520000 0.000156
0.530000 0.000213
0.540000 0.000289
0.550000 0.000390
0.560000 0.000523
0.570000 0.000698
0.580000 0.000927
0.590000 0.001223
0.600000 0.001605
0.610000 0.002095
0.620000 0.002718
0.630000 0.003507
0.640000 0.004499
0.650000 0.005740
0.660000 0.007283
0.670000 0.009188
0.680000 0.011527
0.690000 0.014381
0.700000 0.017842
0.710000 0.022014
0.720000 0.027011
0.730000 0.032960
0.740000 0.039999
0.750000 0.048276
0.760000 0.057949
0.770000 0.069184
0.780000 0.082152
0.790000 0.097028
0.800000 0.113988
0.810000 0.133203
0.820000 0.154840
0.830000 0.179051
0.840000 0.205975
0.850000 0.235730
0.860000 0.268411
0.870000 0.304080
0.880000 0.342770
0.890000 0.384475
0.900000 0.429151
0.910000 0.476711
0.920000 0.527026
0.930000 0.579923
0.940000 0.635189
0.950000 0.692569
0.960000 0.751774
0.970000 0.812479
0.980000 0.874336
0.990000 0.936971
1.000000 1.000000


0.000000 0.000000
0.010000 0.000000
0.020000 0.000000
0.030000 0.000000
0.040000 0.000000
0.050000 0.000000
0.060000 0.000000
0.070000 0.000000
0.080000 0.000000
0.090000 0.000000
0.100000 0.000000
0.110000 0.000000
0.120000 0.000000
0.130000 0.000000
0.140000 0.000000
0.150000 0.000000
0.160000 0.000000
0.170000 0.000000
0.180000 0.000000
0.190000 0.000000
0.200000 0.000000
0.210000 0.000000
0.220000 0.000000
0.230000 0.000000
0.240000 0.000000
0.250000 0.000000
0.260000 0.000000
0.270000 0.000000
0.280000 0.000000
0.290000 0.000000
0.300000 0.000000
0.310000 0.000000
0.320000 0.000000
0.330000 0.000001
0.340000 0.000001
0.350000 0.000001
0.360000 0.000002
0.370000 0.000003
0.380000 0.000004
0.390000 0.000006
0.400000 0.000008
0.410000 0.000012
0.420000 0.000017
0.430000 0.000023
0.440000 0.000032
0.450000 0.000044
0.460000 0.000060
0.470000 0.000082
0.480000 0.000112
0.490000 0.000151
0.500000 0.000202
0.510000 0.000271
0.520000 0.000360
0.530000 0.000476
0.540000 0.000626
0.550000 0.000819
0.560000 0.001067
0.570000 0.001383
0.580000 0.001783
0.590000 0.002287
0.600000 0.002920
0.610000 0.003709
0.620000 0.004687
0.630000 0.005894
0.640000 0.007374
0.650000 0.009180
0.660000 0.011372
0.670000 0.014017
0.680000 0.017192
0.690000 0.020983
0.700000 0.025483
0.710000 0.030796
0.720000 0.037035
0.730000 0.044321
0.740000 0.052783
0.750000 0.062557
0.760000 0.073785
0.770000 0.086612
0.780000 0.101184
0.790000 0.117648
0.800000 0.136148
0.810000 0.156821
0.820000 0.179794
0.830000 0.205182
0.840000 0.233084
0.850000 0.263581
0.860000 0.296728
0.870000 0.332558
0.880000 0.371072
0.890000 0.412243
0.900000 0.456011
0.910000 0.502281
0.920000 0.550926
0.930000 0.601784
0.940000 0.654662
0.950000 0.709333
0.960000 0.765547
0.970000 0.823025
0.980000 0.881471
0.990000 0.940571
1.000000 1.000000


0.000000 0.000000
0.010000 0.000000
0.020000 0.000000
0.030000 0.000000
0.040000 0.000000
0.050000 0.000000
0.060000 0.000000
0.070000 0.000000
0.080000 0.000000
0.090000 0.000000
0.100000 0.000000
0.110000 0.000000
0.120000 0.000000
0.130000 0.000000
0.140000 0.000000
0.150000 0.000000
0.160000 0.000000
0.170000 0.000000
0.180000 0.000000
0.190000 0.000000
0.200000 0.000000
0.210000 0.000000
0.220000 0.000000
0.230000 0.000000
0.240000 0.000000
0.250000 0.000000
0.260000 0.000000
0.270000 0.000000
0.280000 0.000000
0.290000 0.000001
0.300000 0.000001
0.310000 0.000001
0.320000 0.000002
0.330000 0.000002
0.340000 0.000003
0.350000 0.000005
0.360000 0.000007
0.370000 0.000009
0.380000 0.000013
0.390000 0.000017
0.400000 0.000024
0.410000 0.000032
0.420000 0.000044
0.430000 0.000059
0.440000 0.000079
0.450000 0.000105
0.460000 0.000140
0.470000 0.000186
0.480000 0.000245
0.490000 0.000321
0.500000 0.000420
0.510000 0.000546
0.520000 0.000707
0.530000 0.000911
0.540000 0.001169
0.550000 0.001493
0.560000 0.001898
0.570000 0.002402
0.580000 0.003026
0.590000 0.003795
0.600000 0.004738
0.610000 0.005888
0.620000 0.007284
0.630000 0.008972
0.640000 0.011000
0.650000 0.013427
0.660000 0.016315
0.670000 0.019737
0.680000 0.023771
0.690000 0.028502
0.700000 0.034025
0.710000 0.040438
0.720000 0.047850
0.730000 0.056373
0.740000 0.066126
0.750000 0.077231
0.760000 0.089812
0.770000 0.103995
0.780000 0.119905
0.790000 0.137663
0.800000 0.157386
0.810000 0.179183
0.820000 0.203151
0.830000 0.229376
0.840000 0.257928
0.850000 0.288858
0.860000 0.322198
0.870000 0.357956
0.880000 0.396117
0.890000 0.436640
0.900000 0.479455
0.910000 0.524468
0.920000 0.571554
0.930000 0.620564
0.940000 0.671321
0.950000 0.723626
0.960000 0.777256
0.970000 0.831971
0.980000 0.887514
0.990000 0.943616
1.000000 1.000000


0.000000 0.000000
0.010000 0.000000
0.020000 0.000000
0.030000 0.000000
0.040000 0.000000
0.050000 0.000000
0.060000 0.000000
0.070000 0.000000
0.080000 0.000000
0.090000 0.000000
0.100000 0.000000
0.110000 0.000000
0.120000 0.000000
0.130000 0.000000
0.140000 0.000000
0.150000 0.000000
0.160000 0.000000
0.170000 0.000000
0.180000 0.000000
0.190000 0.000000
0.200000 0.000000
0.210000 0.000000
0.220000 0.000000
0.230000 0.000000
0.240000 0.000000
0.250000 0.000000
0.260000 0.000001
0.270000 0.000001
0.280000 0.000001
0.290000 0.000002
0.300000 0.000003
0.310000 0.000004
0.320000 0.000005
0.330000 0.000007
0.340000 0.000009
0.350000 0.000013
0.360000 0.000017
0.370000 0.000023
0.380000 0.000031
0.390000 0.000041
0.400000 0.000055
0.410000 0.000073
0.420000 0.000096
0.430000 0.000127
0.440000 0.000166
0.450000 0.000216
0.460000 0.000281
0.470000 0.000363
0.480000 0.000468
0.490000 0.000600
0.500000 0.000767
0.510000 0.000976
0.520000 0.001236
0.530000 0.001560
0.540000 0.001959
0.550000 0.002452
0.560000 0.003055
0.570000 0.003791
0.580000 0.004685
0.590000 0.005766
0.600000 0.007068
0.610000 0.008628
0.620000 0.010489
0.630000 0.012699
0.640000 0.015313
0.650000 0.018390
0.660000 0.021996
0.670000 0.026202
0.680000 0.031087
0.690000 0.036736
0.700000 0.043236
0.710000 0.050685
0.720000 0.059181
0.730000 0.068829
0.740000 0.079734
0.750000 0.092006
0.760000 0.105752
0.770000 0.121082
0.780000 0.138101
0.790000 0.156908
0.800000 0.177598
0.810000 0.200256
0.820000 0.224958
0.830000 0.251766
0.840000 0.280728
0.850000 0.311876
0.860000 0.345222
0.870000 0.380760
0.880000 0.418462
0.890000 0.458280
0.900000 0.500141
0.910000 0.543949
0.920000 0.589589
0.930000 0.636921
0.940000 0.685784
0.950000 0.735999
0.960000 0.787370
0.970000 0.839685
0.980000 0.892719
0.990000 0.946237
1.000000 1.000000


0.000000 0.000000
0.010000 0.000000
0.020000 0.000000
0.030000 0.000000
0.040000 0.000000
0.050000 0.000000
0.060000 0.000000
0.070000 0.000000
0.080000 0.000000
0.090000 0.000000
0.100000 0.000000
0.110000 0.000000
0.120000 0.000000
0.130000 0.000000
0.140000 0.000000
0.150000 0.000000
0.160000 0.000000
0.170000 0.000000
0.180000 0.000000
0.190000 0.000000
0.200000 0.000000
0.210000 0.000000
0.220000 0.000001
0.230000 0.000001
0.240000 0.000001
0.250000 0.000001
0.260000 0.000002
0.270000 0.000003
0.280000 0.000004
0.290000 0.000005
0.300000 0.000007
0.310000 0.000009
0.320000 0.000012
0.330000 0.000016
0.340000 0.000022
0.350000 0.000029
0.360000 0.000038
0.370000 0.000050
0.380000 0.000066
0.390000 0.000086
0.400000 0.000112
0.410000 0.000145
0.420000 0.000187
0.430000 0.000241
0.440000 0.000309
0.450000 0.000395
0.460000 0.000503
0.470000 0.000638
0.480000 0.000806
0.490000 0.001014
0.500000 0.001272
0.510000 0.001588
0.520000 0.001976
0.530000 0.002449
0.540000 0.003024
0.550000 0.003720
0.560000 0.004558
0.570000 0.005564
0.580000 0.006767
0.590000 0.008198
0.600000 0.009895
0.610000 0.011899
0.620000 0.014255
0.630000 0.017014
0.640000 0.020232
0.650000 0.023968
0.660000 0.028290
0.670000 0.033268
0.680000 0.038978
0.690000 0.045500
0.700000 0.052921
0.710000 0.061327
0.720000 0.070812
0.730000 0.081469
0.740000 0.093393
0.750000 0.106681
0.760000 0.121426
0.770000 0.137721
0.780000 0.155654
0.790000 0.175307
0.800000 0.196758
0.810000 0.220072
0.820000 0.245307
0.830000 0.272508
0.840000 0.301706
0.850000 0.332917
0.860000 0.366142
0.870000 0.401364
0.880000 0.438547
0.890000 0.477638
0.900000 0.518563
0.910000 0.561231
0.920000 0.605531
0.930000 0.651334
0.940000 0.698493
0.950000 0.746848
0.960000 0.796221
0.970000 0.846425
0.980000 0.897262
0.990000 0.948524
1.000000 1.000000


0.000000 0.000000
0.010000 0.000000
0.020000 0.000000
0.030000 0.000000
0.040000 0.000000
0.050000 0.000000
0.060000 0.000000
0.070000 0.000000
0.080000 0.000000
0.090000 0.000000
0.100000 0.000000
0.110000 0.000000
0.120000 0.000000
0.130000 0.000000
0.140000 0.000000
0.150000 0.000000
0.160000 0.000000
0.170000 0.000000
0.180000 0.000000
0.190000 0.000001
0.200000 0.000001
0.210000 0.000001
0.220000 0.000001
0.230000 0.000002
0.240000 0.000003
0.250000 0.000004
0.260000 0.000005
0.270000 0.000006
0.280000 0.000009
0.290000 0.000011
0.300000 0.000015
0.310000 0.000020
0.320000 0.000026
0.330000 0.000034
0.340000 0.000044
0.350000 0.000058
0.360000 0.000075
0.370000 0.000097
0.380000 0.000125
0.390000 0.000160
0.400000 0.000204
0.410000 0.000260
0.420000 0.000330
0.430000 0.000418
0.440000 0.000527
0.450000 0.000661
0.460000 0.000827
0.470000 0.001031
0.480000 0.001281
0.490000 0.001587
0.500000 0.001957
0.510000 0.002406
0.520000 0.002948
0.530000 0.003599
0.540000 0.004378
0.550000 0.005307
0.560000 0.006411
0.570000 0.007718
0.580000 0.009259
0.590000 0.011069
0.600000 0.013188
0.610000 0.015657
0.620000 0.018525
0.630000 0.021843
0.640000 0.025668
0.650000 0.030058
0.660000 0.035080
0.670000 0.040803
0.680000 0.047298
0.690000 0.054642
0.700000 0.062916
0.710000 0.072199
0.720000 0.082577
0.730000 0.094134
0.740000 0.106954
0.750000 0.121121
0.760000 0.136718
0.770000 0.153822
0.780000 0.172507
0.790000 0.192842
0.800000 0.214887
0.810000 0.238695
0.820000 0.264308
0.830000 0.291757
0.840000 0.321061
0.850000 0.352226
0.860000 0.385243
0.870000 0.420087
0.880000 0.456719
0.890000 0.495082
0.900000 0.535104
0.910000 0.576696
0.920000 0.619755
0.930000 0.664160
0.940000 0.709777
0.950000 0.756461
0.960000 0.804052
0.970000 0.852382
0.980000 0.901272
0.990000 0.950541
1.000000 1.000000


0.000000 0.000000
0.010000 0.000000
0.020000 0.000000
0.030000 0.000000
0.040000 0.000000
0.050000 0.000000
0.060000 0.000000
0.070000 0.000000
0.080000 0.000000
0.090000 0.000000
0.100000 0.000000
0.110000 0.000000
0.120000 0.000000
0.130000 0.000000
0.140000 0.000000
0.150000 0.000000
0.160000 0.000001
0.170000 0.000001
0.180000 0.000001
0.190000 0.000001
0.200000 0.000002
0.210000 0.000003
0.220000 0.000003
0.230000 0.000004
0.240000 0.000006
0.250000 0.000008
0.260000 0.000010
0.270000 0.000014
0.280000 0.000018
0.290000 0.000023
0.300000 0.000030
0.310000 0.000039
0.320000 0.000050
0.330000 0.000065
0.340000 0.000083
0.350000 0.000106
0.360000 0.000135
0.370000 0.000171
0.380000 0.000217
0.390000 0.000274
0.400000 0.000344
0.410000 0.000432
0.420000 0.000539
0.430000 0.000671
0.440000 0.000833
0.450000 0.001030
0.460000 0.001270
0.470000 0.001561
0.480000 0.001912
0.490000 0.002334
0.500000 0.002840
0.510000 0.003444
0.520000 0.004164
0.530000 0.005017
0.540000 0.006026
0.550000 0.007214
0.560000 0.008609
0.570000 0.010240
0.580000 0.012141
0.590000 0.014349
0.600000 0.016904
0.610000 0.019850
0.620000 0.023236
0.630000 0.027112
0.640000 0.031535
0.650000 0.036564
0.660000 0.042261
0.670000 0.048692
0.680000 0.055926
0.690000 0.064035
0.700000 0.073093
0.710000 0.083173
0.720000 0.094353
0.730000 0.106707
0.740000 0.120311
0.750000 0.135238
0.760000 0.151559
0.770000 0.169339
0.780000 0.188642
0.790000 0.209522
0.800000 0.232028
0.810000 0.256201
0.820000 0.282071
0.830000 0.309659
0.840000 0.338974
0.850000 0.370014
0.860000 0.402763
0.870000 0.437192
0.880000 0.473258
0.890000 0.510904
0.900000 0.550060
0.910000 0.590640
0.920000 0.632546
0.930000 0.675669
0.940000 0.719883
0.950000 0.765057
0.960000 0.811044
0.970000 0.857694
0.980000 0.904847
0.990000 0.952339
1.000000 1.000000


0.000000 0.000000
0.010000 0.000000
0.020000 0.000000
0.030000 0.000000
0.040000 0.000000
0.050000 0.000000
0.060000 0.000000
0.070000 0.000000
0.080000 0.000000
0.090000 0.000000
0.100000 0.000000
0.110000 0.000000
0.120000 0.000000
0.130000 0.000001
0.140000 0.000001
0.150000 0.000001
0.160000 0.000001
0.170000 0.000002
0.180000 0.000002
0.190000 0.000003
0.200000 0.000004
0.210000 0.000005
0.220000 0.000007
0.230000 0.000009
0.240000 0.000012
0.250000 0.000016
0.260000 0.000020
0.270000 0.000026
0.280000 0.000034
0.290000 0.000043
0.300000 0.000055
0.310000 0.000070
0.320000 0.000089
0.330000 0.000113
0.340000 0.000143
0.350000 0.000180
0.360000 0.000225
0.370000 0.000282
0.380000 0.000352
0.390000 0.000438
0.400000 0.000542
0.410000 0.000670
0.420000 0.000826
0.430000 0.001015
0.440000 0.001242
0.450000 0.001517
0.460000 0.001846
0.470000 0.002240
0.480000 0.002709
0.490000 0.003268
0.500000 0.003929
0.510000 0.004709
0.520000 0.005628
0.530000 0.006705
0.540000 0.007964
0.550000 0.009431
0.560000 0.011135
0.570000 0.013108
0.580000 0.015383
0.590000 0.017999
0.600000 0.020998
0.610000 0.024424
0.620000 0.028324
0.630000 0.032749
0.640000 0.037755
0.650000 0.043398
0.660000 0.049738
0.670000 0.056837
0.680000 0.064761
0.690000 0.073576
0.700000 0.083350
0.710000 0.094151
0.720000 0.106047
0.730000 0.119106
0.740000 0.133395
0.750000 0.148976
0.760000 0.165911
0.770000 0.184256
0.780000 0.204063
0.790000 0.225376
0.800000 0.248235
0.810000 0.272670
0.820000 0.298703
0.830000 0.326346
0.840000 0.355602
0.850000 0.386460
0.860000 0.418902
0.870000 0.452893
0.880000 0.488391
0.890000 0.525339
0.900000 0.563667
0.910000 0.603295
0.920000 0.644131
0.930000 0.686072
0.940000 0.729003
0.950000 0.772802
0.960000 0.817338
0.970000 0.862472
0.980000 0.908060
0.990000 0.953953
1.000000 1.000000


0.000000 0.000000
0.010000 0.000000
0.020000 0.000000
0.030000 0.000000
0.040000 0.000000
0.050000 0.000000
0.060000 0.000000
0.070000 0.000000
0.080000 0.000000
0.090000 0.000000
0.100000 0.000001
0.110000 0.000001
0.120000 0.000001
0.130000 0.000001
0.140000 0.000002
0.150000 0.000002
0.160000 0.000003
0.170000 0.000004
0.180000 0.000005
0.190000 0.000006
0.200000 0.000008
0.210000 0.000011
0.220000 0.000014
0.230000 0.000017
0.240000 0.000022
0.250000 0.000029
0.260000 0.000037
0.270000 0.000046
0.280000 0.000059
0.290000 0.000074
0.300000 0.000094
0.310000 0.000118
0.320000 0.000148
0.330000 0.000185
0.340000 0.000230
0.350000 0.000286
0.360000 0.000354
0.370000 0.000437
0.380000 0.000538
0.390000 0.000661
0.400000 0.000809
0.410000 0.000988
0.420000 0.001202
0.430000 0.001459
0.440000 0.001766
0.450000 0.002132
0.460000 0.002565
0.470000 0.003078
0.480000 0.003683
0.490000 0.004395
0.500000 0.005228
0.510000 0.006203
0.520000 0.007337
0.530000 0.008655
0.540000 0.010181
0.550000 0.011942
0.560000 0.013969
0.570000 0.016293
0.580000 0.018951
0.590000 0.021980
0.600000 0.025423
0.610000 0.029324
0.620000 0.033729
0.630000 0.038689
0.640000 0.044255
0.650000 0.050484
0.660000 0.057432
0.670000 0.065157
0.680000 0.073721
0.690000 0.083184
0.700000 0.093610
0.710000 0.105059
0.720000 0.117594
0.730000 0.131275
0.740000 0.146159
0.750000 0.162303
0.760000 0.179758
0.770000 0.198573
0.780000 0.218789
0.790000 0.240444
0.800000 0.263568
0.810000 0.288184
0.820000 0.314306
0.830000 0.341940
0.840000 0.371081
0.850000 0.401718
0.860000 0.433825
0.870000 0.467369
0.880000 0.502305
0.890000 0.538576
0.900000 0.576116
0.910000 0.614849
0.920000 0.654688
0.930000 0.695535
0.940000 0.737287
0.950000 0.779829
0.960000 0.823042
0.970000 0.866799
0.980000 0.910968
0.990000 0.955414
1.000000 1.000000


0.000000 0.000000
0.010000 0.000000
0.020000 0.000000
0.030000 0.000000
0.040000 0.000000
0.050000 0.000000
0.060000 0.000000
0.070000 0.000000
0.080000 0.000001
0.090000 0.000001
0.100000 0.000001
0.110000 0.000001
0.120000 0.000002
0.130000 0.000003
0.140000 0.000003
0.150000 0.000004
0.160000 0.000006
0.170000 0.000007
0.180000 0.000009
0.190000 0.000012
0.200000 0.000015
0.210000 0.000019
0.220000 0.000024
0.230000 0.000031
0.240000 0.000039
0.250000 0.000049
0.260000 0.000062
0.270000 0.000078
0.280000 0.000097
0.290000 0.000121
0.300000 0.000151
0.310000 0.000187
0.320000 0.000231
0.330000 0.000285
0.340000 0.000351
0.350000 0.000431
0.360000 0.000528
0.370000 0.000644
0.380000 0.000784
0.390000 0.000952
0.400000 0.001153
0.410000 0.001393
0.420000 0.001677
0.430000 0.002015
0.440000 0.002413
0.450000 0.002883
0.460000 0.003435
0.470000 0.004082
0.480000 0.004837
0.490000 0.005716
0.500000 0.006738
0.510000 0.007921
0.520000 0.009286
0.530000 0.010858
0.540000 0.012663
0.550000 0.014728
0.560000 0.017085
0.570000 0.019767
0.580000 0.022810
0.590000 0.026252
0.600000 0.030134
0.610000 0.034500
0.620000 0.039397
0.630000 0.044871
0.640000 0.050974
0.650000 0.057757
0.660000 0.065275
0.670000 0.073584
0.680000 0.082738
0.690000 0.092795
0.700000 0.103812
0.710000 0.115844
0.720000 0.128946
0.730000 0.143174
0.740000 0.158576
0.750000 0.175203
0.760000 0.193097
0.770000 0.212301
0.780000 0.232848
0.790000 0.254769
0.800000 0.278086
0.810000 0.302817
0.820000 0.328969
0.830000 0.356544
0.840000 0.385533
0.850000 0.415919
0.860000 0.447676
0.870000 0.480769
0.880000 0.515152
0.890000 0.550771
0.900000 0.587562
0.910000 0.625452
0.920000 0.664358
0.930000 0.704192
0.940000 0.744855
0.950000 0.786242
0.960000 0.828243
0.970000 0.870741
0.980000 0.913616
0.990000 0.956745
1.000000 1.000000


0.000000 0.000000
0.010000 0.000000
0.020000 0.000000
0.030000 0.000000
0.040000 0.000000
0.050000 0.000001
0.060000 0.000001
0.070000 0.000001
0.080000 0.000001
0.090000 0.000002
0.100000 0.000002
0.110000 0.000003
0.120000 0.000004
0.130000 0.000005
0.140000 0.000006
0.150000 0.000008
0.160000 0.000010
0.170000 0.000013
0.180000 0.000016
0.190000 0.000020
0.200000 0.000026
0.210000 0.000032
0.220000 0.000041
0.230000 0.000051
0.240000 0.000064
0.250000 0.000079
0.260000 0.000099
0.270000 0.000122
0.280000 0.000151
0.290000 0.000187
0.300000 0.000230
0.310000 0.000282
0.320000 0.000345
0.330000 0.000421
0.340000 0.000513
0.350000 0.000623
0.360000 0.000754
0.370000 0.000911
0.380000 0.001098
0.390000 0.001320
0.400000 0.001583
0.410000 0.001893
0.420000 0.002259
0.430000 0.002687
0.440000 0.003190
0.450000 0.003776
0.460000 0.004459
0.470000 0.005252
0.480000 0.006170
0.490000 0.007231
0.500000 0.008453
0.510000 0.009856
0.520000 0.011463
0.530000 0.013299
0.540000 0.015391
0.550000 0.017767
0.560000 0.020458
0.570000 0.023499
0.580000 0.026925
0.590000 0.030775
0.600000 0.035088
0.610000 0.039907
0.620000 0.045276
0.630000 0.051243
0.640000 0.057855
0.650000 0.065161
0.660000 0.073213
0.670000 0.082062
0.680000 0.091760
0.690000 0.102358
0.700000 0.113909
0.710000 0.126464
0.720000 0.140071
0.730000 0.154778
0.740000 0.170631
0.750000 0.187670
0.760000 0.205935
0.770000 0.225459
0.780000 0.246271
0.790000 0.268394
0.800000 0.291847
0.810000 0.316640
0.820000 0.342777
0.830000 0.370254
0.840000 0.399060
0.850000 0.429176
0.860000 0.460573
0.870000 0.493217
0.880000 0.527061
0.890000 0.562053
0.900000 0.598131
0.910000 0.635226
0.920000 0.673261
0.930000 0.712151
0.940000 0.751805
0.950000 0.792126
0.960000 0.833011
0.970000 0.874353
0.980000 0.916042
0.990000 0.957962
1.000000 1.000000


0.000000 0.000000
0.010000 0.000000
0.020000 0.000000
0.030000 0.000001
0.040000 0.000001
0.050000 0.000001
0.060000 0.000001
0.070000 0.000002
0.080000 0.000002
0.090000 0.000003
0.100000 0.000004
0.110000 0.000005
0.120000 0.000007
0.130000 0.000008
0.140000 0.000011
0.150000 0.000013
0.160000 0.000017
0.170000 0.000021
0.180000 0.000027
0.190000 0.000034
0.200000 0.000042
0.210000 0.000052
0.220000 0.000065
0.230000 0.000080
0.240000 0.000099
0.250000 0.000122
0.260000 0.000150
0.270000 0.000184
0.280000 0.000226
0.290000 0.000275
0.300000 0.000335
0.310000 0.000407
0.320000 0.000494
0.330000 0.000597
0.340000 0.000720
0.350000 0.000866
0.360000 0.001039
0.370000 0.001244
0.380000 0.001486
0.390000 0.001771
0.400000 0.002104
0.410000 0.002495
0.420000 0.002951
0.430000 0.003482
0.440000 0.004099
0.450000 0.004813
0.460000 0.005638
0.470000 0.006589
0.480000 0.007681
0.490000 0.008934
0.500000 0.010366
0.510000 0.011999
0.520000 0.013856
0.530000 0.015962
0.540000 0.018345
0.550000 0.021035
0.560000 0.024062
0.570000 0.027460
0.580000 0.031264
0.590000 0.035512
0.600000 0.040244
0.610000 0.045500
0.620000 0.051324
0.630000 0.057759
0.640000 0.064853
0.650000 0.072650
0.660000 0.081199
0.670000 0.090547
0.680000 0.100743
0.690000 0.111835
0.700000 0.123869
0.710000 0.136891
0.720000 0.150945
0.730000 0.166074
0.740000 0.182316
0.750000 0.199709
0.760000 0.218284
0.770000 0.238070
0.780000 0.259091
0.790000 0.281365
0.800000 0.304905
0.810000 0.329717
0.820000 0.355802
0.830000 0.383152
0.840000 0.411754
0.850000 0.441586
0.860000 0.472620
0.870000 0.504819
0.880000 0.538140
0.890000 0.572530
0.900000 0.607930
0.910000 0.644275
0.920000 0.681492
0.930000 0.719501
0.940000 0.758216
0.950000 0.797549
0.960000 0.837403
0.970000 0.877678
0.980000 0.918273
0.990000 0.959083
1.000000 1.000000


0.000000 0.000000
0.010000 0.000000
0.020000 0.000001
0.030000 0.000001
0.040000 0.000001
0.050000 0.000002
0.060000 0.000003
0.070000 0.000003
0.080000 0.000004
0.090000 0.000006
0.100000 0.000007
0.110000 0.000009
0.120000 0.000011
0.130000 0.000014
0.140000 0.000018
0.150000 0.000022
0.160000 0.000028
0.170000 0.000034
0.180000 0.000043
0.190000 0.000053
0.200000 0.000065
0.210000 0.000080
0.220000 0.000098
0.230000 0.000121
0.240000 0.000148
0.250000 0.000180
0.260000 0.000220
0.270000 0.000267
0.280000 0.000324
0.290000 0.000391
0.300000 0.000472
0.310000 0.000569
0.320000 0.000683
0.330000 0.000818
0.340000 0.000979
0.350000 0.001167
0.360000 0.001389
0.370000 0.001649
0.380000 0.001953
0.390000 0.002308
0.400000 0.002722
0.410000 0.003202
0.420000 0.003758
0.430000 0.004401
0.440000 0.005142
0.450000 0.005994
0.460000 0.006971
0.470000 0.008089
0.480000 0.009365
0.490000 0.010817
0.500000 0.012467
0.510000 0.014336
0.520000 0.016448
0.530000 0.018829
0.540000 0.021506
0.550000 0.024509
0.560000 0.027869
0.570000 0.031619
0.580000 0.035794
0.590000 0.040431
0.600000 0.045568
0.610000 0.051244
0.620000 0.057501
0.630000 0.064381
0.640000 0.071927
0.650000 0.080183
0.660000 0.089194
0.670000 0.099004
0.680000 0.109656
0.690000 0.121196
0.700000 0.133665
0.710000 0.147105
0.720000 0.161555
0.730000 0.177053
0.740000 0.193633
0.750000 0.211327
0.760000 0.230161
0.770000 0.250160
0.780000 0.271343
0.790000 0.293724
0.800000 0.317311
0.810000 0.342108
0.820000 0.368111
0.830000 0.395312
0.840000 0.423694
0.850000 0.453234
0.860000 0.483904
0.870000 0.515667
0.880000 0.548480
0.890000 0.582292
0.900000 0.617048
0.910000 0.652684
0.920000 0.689131
0.930000 0.726315
0.940000 0.764156
0.950000 0.802569
0.960000 0.841465
0.970000 0.880753
0.980000 0.920336
0.990000 0.960118
1.000000 1.000000


0.000000 0.000000
0.010000 0.000001
0.020000 0.000001
0.030000 0.000002
0.040000 0.000003
0.050000 0.000003
0.060000 0.000004
0.070000 0.000006
0.080000 0.000007
0.090000 0.000009
0.100000 0.000012
0.110000 0.000014
0.120000 0.000018
0.130000 0.000023
0.140000 0.000028
0.150000 0.000035
0.160000 0.000043
0.170000 0.000053
0.180000 0.000065
0.190000 0.000079
0.200000 0.000097
0.210000 0.000118
0.220000 0.000144
0.230000 0.000175
0.240000 0.000212
0.250000 0.000257
0.260000 0.000310
0.270000 0.000374
0.280000 0.000449
0.290000 0.000539
0.300000 0.000645
0.310000 0.000770
0.320000 0.000917
0.330000 0.001090
0.340000 0.001293
0.350000 0.001530
0.360000 0.001807
0.370000 0.002130
0.380000 0.002504
0.390000 0.002938
0.400000 0.003439
0.410000 0.004017
0.420000 0.004682
0.430000 0.005445
0.440000 0.006319
0.450000 0.007317
0.460000 0.008454
0.470000 0.009747
0.480000 0.011213
0.490000 0.012873
0.500000 0.014746
0.510000 0.016856
0.520000 0.019226
0.530000 0.021883
0.540000 0.024853
0.550000 0.028168
0.560000 0.031856
0.570000 0.035951
0.580000 0.040487
0.590000 0.045500
0.600000 0.051026
0.610000 0.057104
0.620000 0.063773
0.630000 0.071073
0.640000 0.079045
0.650000 0.087729
0.660000 0.097168
0.670000 0.107402
0.680000 0.118473
0.690000 0.130419
0.700000 0.143280
0.710000 0.157094
0.720000 0.171894
0.730000 0.187715
0.740000 0.204586
0.750000 0.222535
0.760000 0.241584
0.770000 0.261754
0.780000 0.283059
0.790000 0.305510
0.800000 0.329112
0.810000 0.353866
0.820000 0.379765
0.830000 0.406799
0.840000 0.434950
0.850000 0.464194
0.860000 0.494502
0.870000 0.525838
0.880000 0.558159
0.890000 0.591418
0.900000 0.625559
0.910000 0.660524
0.920000 0.696246
0.930000 0.732656
0.940000 0.769678
0.950000 0.807233
0.960000 0.845238
0.970000 0.883606
0.980000 0.922250
0.990000 0.961079
1.000000 1.000000


0.000000 0.000000
0.010000 0.000001
0.020000 0.000002
0.030000 0.000003
0.040000 0.000004
0.050000 0.000006
0.060000 0.000007
0.070000 0.000009
0.080000 0.000012
0.090000 0.000015
0.100000 0.000018
0.110000 0.000023
0.120000 0.000028
0.130000 0.000034
0.140000 0.000042
0.150000 0.000052
0.160000 0.000064
0.170000 0.000078
0.180000 0.000095
0.190000 0.000115
0.200000 0.000140
0.210000 0.000169
0.220000 0.000204
0.230000 0.000246
0.240000 0.000296
0.250000 0.000355
0.260000 0.000425
0.270000 0.000508
0.280000 0.000606
0.290000 0.000721
0.300000 0.000856
0.310000 0.001015
0.320000 0.001200
0.330000 0.001416
0.340000 0.001668
0.350000 0.001960
0.360000 0.002298
0.370000 0.002690
0.380000 0.003141
0.390000 0.003661
0.400000 0.004257
0.410000 0.004941
0.420000 0.005722
0.430000 0.006613
0.440000 0.007627
0.450000 0.008778
0.460000 0.010083
0.470000 0.011557
0.480000 0.013220
0.490000 0.015090
0.500000 0.017191
0.510000 0.019543
0.520000 0.022173
0.530000 0.025105
0.540000 0.028367
0.550000 0.031988
0.560000 0.035999
0.570000 0.040430
0.580000 0.045317
0.590000 0.050692
0.600000 0.056592
0.610000 0.063053
0.620000 0.070112
0.630000 0.077807
0.640000 0.086177
0.650000 0.095261
0.660000 0.105096
0.670000 0.115720
0.680000 0.127172
0.690000 0.139488
0.700000 0.152702
0.710000 0.166849
0.720000 0.181959
0.730000 0.198062
0.740000 0.215183
0.750000 0.233347
0.760000 0.252573
0.770000 0.272877
0.780000 0.294271
0.790000 0.316762
0.800000 0.340352
0.810000 0.365039
0.820000 0.390817
0.830000 0.417671
0.840000 0.445583
0.850000 0.474529
0.860000 0.504479
0.870000 0.535398
0.880000 0.567245
0.890000 0.599973
0.900000 0.633529
0.910000 0.667857
0.920000 0.702895
0.930000 0.738576
0.940000 0.774830
0.950000 0.811581
0.960000 0.848753
0.970000 0.886264
0.980000 0.924033
0.990000 0.961973
1.000000 1.000000


0.000000 0.000000
0.010000 0.000001
0.020000 0.000003
0.030000 0.000005
0.040000 0.000007
0.050000 0.000009
0.060000 0.000011
0.070000 0.000014
0.080000 0.000018
0.090000 0.000022
0.100000 0.000028
0.110000 0.000034
0.120000 0.000042
0.130000 0.000051
0.140000 0.000062
0.150000 0.000076
0.160000 0.000092
0.170000 0.000111
0.180000 0.000134
0.190000 0.000162
0.200000 0.000195
0.210000 0.000234
0.220000 0.000280
0.230000 0.000335
0.240000 0.000400
0.250000 0.000477
0.260000 0.000567
0.270000 0.000673
0.280000 0.000797
0.290000 0.000942
0.300000 0.001110
0.310000 0.001307
0.320000 0.001535
0.330000 0.001800
0.340000 0.002106
0.350000 0.002458
0.360000 0.002865
0.370000 0.003331
0.380000 0.003867
0.390000 0.004479
0.400000 0.005177
0.410000 0.005973
0.420000 0.006877
0.430000 0.007903
0.440000 0.009064
0.450000 0.010374
0.460000 0.011851
0.470000 0.013511
0.480000 0.015374
0.490000 0.017459
0.500000 0.019789
0.510000 0.022385
0.520000 0.025273
0.530000 0.028478
0.540000 0.032028
0.550000 0.035950
0.560000 0.040275
0.570000 0.045034
0.580000 0.050258
0.590000 0.055982
0.600000 0.062239
0.610000 0.069063
0.620000 0.076492
0.630000 0.084559
0.640000 0.093302
0.650000 0.102756
0.660000 0.112957
0.670000 0.123941
0.680000 0.135741
0.690000 0.148391
0.700000 0.161922
0.710000 0.176366
0.720000 0.191749
0.730000 0.208097
0.740000 0.225434
0.750000 0.243779
0.760000 0.263149
0.770000 0.283556
0.780000 0.305010
0.790000 0.327514
0.800000 0.351070
0.810000 0.375673
0.820000 0.401314
0.830000 0.427979
0.840000 0.455647
0.850000 0.484296
0.860000 0.513894
0.870000 0.544407
0.880000 0.575795
0.890000 0.608013
0.900000 0.641011
0.910000 0.674735
0.920000 0.709126
0.930000 0.744120
0.940000 0.779650
0.950000 0.815648
0.960000 0.852039
0.970000 0.888748
0.980000 0.925698
0.990000 0.962809
1.000000 1.000000


0.000000 0.000000
0.010000 0.000002
0.020000 0.000005
0.030000 0.000007
0.040000 0.000010
0.050000 0.000013
0.060000 0.000017
0.070000 0.000021
0.080000 0.000027
0.090000 0.000033
0.100000 0.000040
0.110000 0.000049
0.120000 0.000060
0.130000 0.000073
0.140000 0.000088
0.150000 0.000106
0.160000 0.000128
0.170000 0.000154
0.180000 0.000185
0.190000 0.000221
0.200000 0.000265
0.210000 0.000316
0.220000 0.000376
0.230000 0.000446
0.240000 0.000529
0.250000 0.000626
0.260000 0.000739
0.270000 0.000871
0.280000 0.001025
0.290000 0.001204
0.300000 0.001410
0.310000 0.001650
0.320000 0.001926
0.330000 0.002244
0.340000 0.002609
0.350000 0.003028
0.360000 0.003508
0.370000 0.004056
0.380000 0.004681
0.390000 0.005392
0.400000 0.006199
0.410000 0.007113
0.420000 0.008146
0.430000 0.009312
0.440000 0.010624
0.450000 0.012099
0.460000 0.013752
0.470000 0.015602
0.480000 0.017668
0.490000 0.019969
0.500000 0.022528
0.510000 0.025368
0.520000 0.028512
0.530000 0.031987
0.540000 0.035818
0.550000 0.040035
0.560000 0.044666
0.570000 0.049741
0.580000 0.055291
0.590000 0.061348
0.600000 0.067945
0.610000 0.075115
0.620000 0.082891
0.630000 0.091308
0.640000 0.100398
0.650000 0.110197
0.660000 0.120736
0.670000 0.132049
0.680000 0.144167
0.690000 0.157119
0.700000 0.170936
0.710000 0.185644
0.720000 0.201268
0.730000 0.217830
0.740000 0.235350
0.750000 0.253846
0.760000 0.273330
0.770000 0.293814
0.780000 0.315303
0.790000 0.337800
0.800000 0.361304
0.810000 0.385808
0.820000 0.411301
0.830000 0.437769
0.840000 0.465191
0.850000 0.493543
0.860000 0.522796
0.870000 0.552914
0.880000 0.583860
0.890000 0.615589
0.900000 0.648055
0.910000 0.681204
0.920000 0.714980
0.930000 0.749325
0.940000 0.784174
0.950000 0.819463
0.960000 0.855120
0.970000 0.891076
0.980000 0.927258
0.990000 0.963591
1.000000 1.000000


0.000000 0.000000
0.010000 0.000003
0.020000 0.000007
0.030000 0.000011
0.040000 0.000015
0.050000 0.000019
0.060000 0.000025
0.070000 0.000031
0.080000 0.000038
0.090000 0.000047
0.100000 0.000057
0.110000 0.000070
0.120000 0.000084
0.130000 0.000101
0.140000 0.000122
0.150000 0.000146
0.160000 0.000175
0.170000 0.000209
0.180000 0.000249
0.190000 0.000296
0.200000 0.000351
0.210000 0.000416
0.220000 0.000492
0.230000 0.000581
0.240000 0.000684
0.250000 0.000804
0.260000 0.000944
0.270000 0.001106
0.280000 0.001293
0.290000 0.001510
0.300000 0.001759
0.310000 0.002045
0.320000 0.002374
0.330000 0.002750
0.340000 0.003181
0.350000 0.003671
0.360000 0.004230
0.370000 0.004865
0.380000 0.005585
0.390000 0.006400
0.400000 0.007321
0.410000 0.008358
0.420000 0.009525
0.430000 0.010836
0.440000 0.012304
0.450000 0.013946
0.460000 0.015779
0.470000 0.017821
0.480000 0.020090
0.490000 0.022608
0.500000 0.025396
0.510000 0.028477
0.520000 0.031874
0.530000 0.035614
0.540000 0.039722
0.550000 0.044225
0.560000 0.049152
0.570000 0.054532
0.580000 0.060395
0.590000 0.066771
0.600000 0.073691
0.610000 0.081188
0.620000 0.089292
0.630000 0.098036
0.640000 0.107451
0.650000 0.117569
0.660000 0.128421
0.670000 0.140035
0.680000 0.152442
0.690000 0.165669
0.700000 0.179742
0.710000 0.194684
0.720000 0.210519
0.730000 0.227267
0.740000 0.244943
0.750000 0.263563
0.760000 0.283137
0.770000 0.303674
0.780000 0.325178
0.790000 0.347650
0.800000 0.371086
0.810000 0.395478
0.820000 0.420815
0.830000 0.447082
0.840000 0.474257
0.850000 0.502316
0.860000 0.531229
0.870000 0.560965
0.880000 0.591483
0.890000 0.622744
0.900000 0.654700
0.910000 0.687301
0.920000 0.720496
0.930000 0.754225
0.940000 0.788431
0.950000 0.823050
0.960000 0.858016
0.970000 0.893264
0.980000 0.928724
0.990000 0.964326
1.000000 1.000000


0.000000 0.000000
0.010000 0.000005
0.020000 0.000010
0.030000 0.000015
0.040000 0.000021
0.050000 0.000027
0.060000 0.000035
0.070000 0.000044
0.080000 0.000054
0.090000 0.000065
0.100000 0.000079
0.110000 0.000096
0.120000 0.000115
0.130000 0.000138
0.140000 0.000164
0.150000 0.000196
0.160000 0.000233
0.170000 0.000276
0.180000 0.000327
0.190000 0.000387
0.200000 0.000456
0.210000 0.000537
0.220000 0.000632
0.230000 0.000741
0.240000 0.000868
0.250000 0.001015
0.260000 0.001184
0.270000 0.001379
0.280000 0.001604
0.290000 0.001862
0.300000 0.002158
0.310000 0.002496
0.320000 0.002881
0.330000 0.003321
0.340000 0.003821
0.350000 0.004388
0.360000 0.005031
0.370000 0.005758
0.380000 0.006578
0.390000 0.007502
0.400000 0.008540
0.410000 0.009706
0.420000 0.011011
0.430000 0.012470
0.440000 0.014097
0.450000 0.015910
0.460000 0.017924
0.470000 0.020158
0.480000 0.022632
0.490000 0.025366
0.500000 0.028381
0.510000 0.031700
0.520000 0.035347
0.530000 0.039346
0.540000 0.043723
0.550000 0.048504
0.560000 0.053718
0.570000 0.059391
0.580000 0.065553
0.590000 0.072233
0.600000 0.079461
0.610000 0.087266
0.620000 0.095679
0.630000 0.104730
0.640000 0.114447
0.650000 0.124861
0.660000 0.136000
0.670000 0.147892
0.680000 0.160562
0.690000 0.174037
0.700000 0.188339
0.710000 0.203490
0.720000 0.219511
0.730000 0.236417
0.740000 0.254225
0.750000 0.272946
0.760000 0.292589
0.770000 0.313159
0.780000 0.334661
0.790000 0.357091
0.800000 0.380447
0.810000 0.404718
0.820000 0.429893
0.830000 0.455954
0.840000 0.482882
0.850000 0.510652
0.860000 0.539235
0.870000 0.568598
0.880000 0.598704
0.890000 0.629514
0.900000 0.660982
0.910000 0.693062
0.920000 0.725703
0.930000 0.758849
0.940000 0.792445
0.950000 0.826431
0.960000 0.860746
0.970000 0.895325
0.980000 0.930105
0.990000 0.965019
1.000000 1.000000


0.000000 0.000000
0.010000 0.000007
0.020000 0.000014
0.030000 0.000021
0.040000 0.000029
0.050000 0.000038
0.060000 0.000048
0.070000 0.000060
0.080000 0.000073
0.090000 0.000089
0.100000 0.000107
0.110000 0.000128
0.120000 0.000153
0.130000 0.000183
0.140000 0.000217
0.150000 0.000257
0.160000 0.000304
0.170000 0.000358
0.180000 0.000422
0.190000 0.000496
0.200000 0.000582
0.210000 0.000681
0.220000 0.000797
0.230000 0.000929
0.240000 0.001083
0.250000 0.001259
0.260000 0.001461
0.270000 0.001694
0.280000 0.001959
0.290000 0.002263
0.300000 0.002609
0.310000 0.003002
0.320000 0.003449
0.330000 0.003957
0.340000 0.004531
0.350000 0.005179
0.360000 0.005910
0.370000 0.006733
0.380000 0.007658
0.390000 0.008695
0.400000 0.009855
0.410000 0.011152
0.420000 0.012599
0.430000 0.014209
0.440000 0.015998
0.450000 0.017982
0.460000 0.020179
0.470000 0.022607
0.480000 0.025284
0.490000 0.028232
0.500000 0.031472
0.510000 0.035025
0.520000 0.038916
0.530000 0.043168
0.540000 0.047807
0.550000 0.052858
0.560000 0.058347
0.570000 0.064302
0.580000 0.070750
0.590000 0.077720
0.600000 0.085239
0.610000 0.093336
0.620000 0.102039
0.630000 0.111376
0.640000 0.121376
0.650000 0.132064
0.660000 0.143468
0.670000 0.155613
0.680000 0.168523
0.690000 0.182221
0.700000 0.196729
0.710000 0.212065
0.720000 0.228247
0.730000 0.245291
0.740000 0.263209
0.750000 0.282010
0.760000 0.301702
0.770000 0.322290
0.780000 0.343773
0.790000 0.366150
0.800000 0.389414
0.810000 0.413557
0.820000 0.438564
0.830000 0.464419
0.840000 0.491102
0.850000 0.518586
0.860000 0.546846
0.870000 0.575848
0.880000 0.605556
0.890000 0.635933
0.900000 0.666935
0.910000 0.698517
0.920000 0.730629
0.930000 0.763222
0.940000 0.796239
0.950000 0.829626
0.960000 0.863323
0.970000 0.897271
0.980000 0.931409
0.990000 0.965672
1.000000 1.000000


0.000000 0.000000
0.010000 0.000009
0.020000 0.000019
0.030000 0.000029
0.040000 0.000039
0.050000 0.000051
0.060000 0.000065
0.070000 0.000080
0.080000 0.000098
0.090000 0.000118
0.100000 0.000142
0.110000 0.000169
0.120000 0.000201
0.130000 0.000238
0.140000 0.000281
0.150000 0.000331
0.160000 0.000389
0.170000 0.000457
0.180000 0.000535
0.190000 0.000625
0.200000 0.000730
0.210000 0.000850
0.220000 0.000989
0.230000 0.001148
0.240000 0.001330
0.250000 0.001539
0.260000 0.001778
0.270000 0.002050
0.280000 0.002360
0.290000 0.002713
0.300000 0.003113
0.310000 0.003566
0.320000 0.004079
0.330000 0.004658
0.340000 0.005310
0.350000 0.006043
0.360000 0.006867
0.370000 0.007790
0.380000 0.008823
0.390000 0.009977
0.400000 0.011263
0.410000 0.012694
0.420000 0.014284
0.430000 0.016048
0.440000 0.018000
0.450000 0.020157
0.460000 0.022536
0.470000 0.025156
0.480000 0.028036
0.490000 0.031196
0.500000 0.034657
0.510000 0.038441
0.520000 0.042570
0.530000 0.047069
0.540000 0.051961
0.550000 0.057272
0.560000 0.063027
0.570000 0.069252
0.580000 0.075974
0.590000 0.083219
0.600000 0.091014
0.610000 0.099385
0.620000 0.108361
0.630000 0.117966
0.640000 0.128228
0.650000 0.139170
0.660000 0.150818
0.670000 0.163195
0.680000 0.176323
0.690000 0.190223
0.700000 0.204915
0.710000 0.220414
0.720000 0.236738
0.730000 0.253898
0.740000 0.271906
0.750000 0.290770
0.760000 0.310496
0.770000 0.331085
0.780000 0.352538
0.790000 0.374850
0.800000 0.398015
0.810000 0.422023
0.820000 0.446859
0.830000 0.472507
0.840000 0.498945
0.850000 0.526150
0.860000 0.554094
0.870000 0.582746
0.880000 0.612070
0.890000 0.642031
0.900000 0.672585
0.910000 0.703691
0.920000 0.735300
0.930000 0.767365
0.940000 0.799833
0.950000 0.832650
0.960000 0.865763
0.970000 0.899113
0.980000 0.932642
0.990000 0.966291
1.000000 1.000000


0.000000 0.000000
0.010000 0.000012
0.020000 0.000025
0.030000 0.000038
0.040000 0.000052
0.050000 0.000068
0.060000 0.000085
0.070000 0.000105
0.080000 0.000128
0.090000 0.000154
0.100000 0.000184
0.110000 0.000218
0.120000 0.000258
0.130000 0.000304
0.140000 0.000357
0.150000 0.000419
0.160000 0.000490
0.170000 0.000573
0.180000 0.000667
0.190000 0.000776
0.200000 0.000901
0.210000 0.001045
0.220000 0.001209
0.230000 0.001397
0.240000 0.001612
0.250000 0.001856
0.260000 0.002134
0.270000 0.002450
0.280000 0.002809
0.290000 0.003214
0.300000 0.003672
0.310000 0.004189
0.320000 0.004770
0.330000 0.005424
0.340000 0.006158
0.350000 0.006981
0.360000 0.007900
0.370000 0.008927
0.380000 0.010071
0.390000 0.011344
0.400000 0.012759
0.410000 0.014327
0.420000 0.016063
0.430000 0.017981
0.440000 0.020097
0.450000 0.022427
0.460000 0.024988
0.470000 0.027800
0.480000 0.030880
0.490000 0.034249
0.500000 0.037927
0.510000 0.041936
0.520000 0.046298
0.530000 0.051036
0.540000 0.056174
0.550000 0.061736
0.560000 0.067746
0.570000 0.074229
0.580000 0.081212
0.590000 0.088718
0.600000 0.096774
0.610000 0.105405
0.620000 0.114636
0.630000 0.124492
0.640000 0.134996
0.650000 0.146174
0.660000 0.158047
0.670000 0.170636
0.680000 0.183962
0.690000 0.198044
0.700000 0.212899
0.710000 0.228543
0.720000 0.244989
0.730000 0.262248
0.740000 0.280330
0.750000 0.299241
0.760000 0.318985
0.770000 0.339563
0.780000 0.360974
0.790000 0.383213
0.800000 0.406271
0.810000 0.430139
0.820000 0.454802
0.830000 0.480243
0.840000 0.506441
0.850000 0.533371
0.860000 0.561008
0.870000 0.589319
0.880000 0.618273
0.890000 0.647832
0.900000 0.677958
0.910000 0.708607
0.920000 0.739736
0.930000 0.771298
0.940000 0.803242
0.950000 0.835520
0.960000 0.868076
0.970000 0.900858
0.980000 0.933811
0.990000 0.966877
1.000000 1.000000


0.000000 0.000000
0.010000 0.000016
0.020000 0.000032
0.030000 0.000050
0.040000 0.000068
0.050000 0.000088
0.060000 0.000111
0.070000 0.000136
0.080000 0.000164
0.090000 0.000197
0.100000 0.000234
0.110000 0.000277
0.120000 0.000326
0.130000 0.000383
0.140000 0.000448
0.150000 0.000523
0.160000 0.000609
0.170000 0.000707
0.180000 0.000820
0.190000 0.000950
0.200000 0.001098
0.210000 0.001267
0.220000 0.001460
0.230000 0.001680
0.240000 0.001929
0.250000 0.002212
0.260000 0.002533
0.270000 0.002896
0.280000 0.003305
0.290000 0.003766
0.300000 0.004286
0.310000 0.004869
0.320000 0.005523
0.330000 0.006256
0.340000 0.007075
0.350000 0.007990
0.360000 0.009008
0.370000 0.010142
0.380000 0.011400
0.390000 0.012795
0.400000 0.014340
0.410000 0.016046
0.420000 0.017929
0.430000 0.020002
0.440000 0.022282
0.450000 0.024785
0.460000 0.027528
0.470000 0.030529
0.480000 0.033806
0.490000 0.037380
0.500000 0.041271
0.510000 0.045500
0.520000 0.050089
0.530000 0.055059
0.540000 0.060434
0.550000 0.066237
0.560000 0.072492
0.570000 0.079223
0.580000 0.086453
0.590000 0.094208
0.600000 0.102510
0.610000 0.111385
0.620000 0.120856
0.630000 0.130945
0.640000 0.141677
0.650000 0.153072
0.660000 0.165151
0.670000 0.177934
0.680000 0.191440
0.690000 0.205686
0.700000 0.220688
0.710000 0.236458
0.720000 0.253009
0.730000 0.270351
0.740000 0.288492
0.750000 0.307436
0.760000 0.327186
0.770000 0.347742
0.780000 0.369101
0.790000 0.391259
0.800000 0.414206
0.810000 0.437930
0.820000 0.462419
0.830000 0.487653
0.840000 0.513613
0.850000 0.540274
0.860000 0.567611
0.870000 0.595593
0.880000 0.624188
0.890000 0.653361
0.900000 0.683074
0.910000 0.713287
0.920000 0.743956
0.930000 0.775038
0.940000 0.806484
0.950000 0.838246
0.960000 0.870274
0.970000 0.902517
0.980000 0.934921
0.990000 0.967433
1.000000 1.000000


