0.000000 0.000000 0.000000
0.010000 0.000000 0.000000
0.020000 0.000000 0.000000
0.030000 0.000000 0.000000
0.040000 0.000000 0.000000
0.050000 0.000000 0.000000
0.060000 0.000000 0.000000
0.070000 0.000000 0.000000
0.080000 0.000000 0.000000
0.090000 0.000000 0.000000
0.100000 0.000000 0.000000
0.110000 0.000000 0.000000
0.120000 0.000000 0.000000
0.130000 0.000000 0.000000
0.140000 0.000000 0.000000
0.150000 0.000000 0.000000
0.160000 0.000000 0.000000
0.170000 0.000000 0.000000
0.180000 0.000000 0.000000
0.190000 0.000000 0.000000
0.200000 0.000000 0.000000
0.210000 0.000000 0.000000
0.220000 0.000000 0.000000
0.230000 0.000000 0.000000
0.240000 0.000000 0.000000
0.250000 0.000000 0.000000
0.260000 0.000000 0.000000
0.270000 0.000000 0.000000
0.280000 0.000000 0.000000
0.290000 0.000000 0.000000
0.300000 0.000000 0.000000
0.310000 0.000000 0.000000
0.320000 0.000000 0.000000
0.330000 0.000000 0.000000
0.340000 0.000000 0.000000
0.350000 0.000000 0.000000
0.360000 0.000000 0.000000
0.370000 0.000000 0.000000
0.380000 0.000000 0.000000
0.390000 0.000000 0.000000
0.400000 0.000000 0.000000
0.410000 0.000000 0.000000
0.420000 0.000000 0.000000
0.430000 0.000000 0.000000
0.440000 0.000000 0.000000
0.450000 0.000000 0.000000
0.460000 0.000000 0.000000
0.470000 0.000000 0.000000
0.480000 0.000000 0.000000
0.490000 0.000000 0.000000
0.500000 0.000000 0.000000
0.510000 0.000000 0.000000
0.520000 0.000000 0.000000
0.530000 0.000000 0.000000
0.540000 0.000000 0.000000
0.550000 0.000000 0.000000
0.560000 0.000000 0.000000
0.570000 0.000000 0.000000
0.580000 0.000000 0.000000
0.590000 0.000000 0.000000
0.600000 0.000000 0.000000
0.610000 0.000000 0.000000
0.620000 0.000000 0.000000
0.630000 0.000000 0.000000
0.640000 0.000000 0.000000
0.650000 0.000000 0.000000
0.660000 0.000000 0.000000
0.670000 0.000000 0.000000
0.680000 0.000000 0.000000
0.690000 0.000000 0.000000
0.700000 0.000000 0.000000
0.710000 0.000000 0.000000
0.720000 0.000000 0.000000
0.730000 0.000000 0.000000
0.740000 0.000000 0.000000
0.750000 0.000000 0.000000
0.760000 0.000000 0.000000
0.770000 0.000000 0.000000
0.780000 0.000000 0.000000
0.790000 0.000000 0.000000
0.800000 0.000000 0.000000
0.810000 0.000000 0.000000
0.820000 0.000000 0.000000
0.830000 0.000000 0.000000
0.840000 0.000000 0.000000
0.850000 0.000000 0.000000
0.860000 0.000000 0.000000
0.870000 0.000000 0.000000
0.880000 0.000000 0.000000
0.890000 0.000000 0.000000
0.900000 0.000000 0.000000
0.910000 0.000000 0.000000
0.920000 0.000000 0.000000
0.930000 0.000000 0.000000
0.940000 0.000000 0.000000
0.950000 0.000000 0.000000
0.960000 0.000000 0.000000
0.970000 0.000000 0.000000
0.980000 0.000000 0.000000
0.990000 0.000000 0.000000
1.000000 0.000000 1.000000

0.000000 1.000000 0.000000
0.010000 1.000000 0.000000
0.020000 1.000000 0.000000
0.030000 1.000000 0.000000
0.040000 1.000000 0.000000
0.050000 1.000000 0.000000
0.060000 1.000000 0.000000
0.070000 1.000000 0.000000
0.080000 1.000000 0.000000
0.090000 1.000000 0.000000
0.100000 1.000000 0.000000
0.110000 1.000000 0.000000
0.120000 1.000000 0.000000
0.130000 1.000000 0.000000
0.140000 1.000000 0.000000
0.150000 1.000000 0.000000
0.160000 1.000000 0.000000
0.170000 1.000000 0.000000
0.180000 1.000000 0.000000
0.190000 1.000000 0.000000
0.200000 1.000000 0.000000
0.210000 1.000000 0.000000
0.220000 1.000000 0.000000
0.230000 1.000000 0.000000
0.240000 1.000000 0.000000
0.250000 1.000000 0.000000
0.260000 1.000000 0.000000
0.270000 1.000000 0.000000
0.280000 1.000000 0.000000
0.290000 1.000000 0.000001
0.300000 1.000000 0.000001
0.310000 1.000000 0.000001
0.320000 1.000000 0.000002
0.330000 1.000000 0.000002
0.340000 1.000000 0.000003
0.350000 1.000000 0.000005
0.360000 1.000000 0.000007
0.370000 1.000000 0.000009
0.380000 1.000000 0.000013
0.390000 1.000000 0.000017
0.400000 1.000000 0.000024
0.410000 1.000000 0.000032
0.420000 1.000000 0.000043
0.430000 1.000000 0.000059
0.440000 1.000000 0.000079
0.450000 1.000000 0.000105
0.460000 1.000000 0.000140
0.470000 1.000000 0.000186
0.480000 1.000000 0.000245
0.490000 1.000000 0.000321
0.500000 1.000000 0.000420
0.510000 1.000000 0.000546
0.520000 1.000000 0.000707
0.530000 1.000000 0.000911
0.540000 1.000000 0.001169
0.550000 1.000000 0.001493
0.560000 1.000000 0.001897
0.570000 1.000000 0.002401
0.580000 1.000000 0.003025
0.590000 1.000000 0.003794
0.600000 1.000000 0.004737
0.610000 1.000000 0.005887
0.620000 1.000000 0.007283
0.630000 1.000000 0.008970
0.640000 1.000000 0.010998
0.650000 1.000000 0.013425
0.660000 1.000000 0.016314
0.670000 1.000000 0.019736
0.680000 1.000000 0.023769
0.690000 1.000000 0.028501
0.700000 1.000000 0.034023
0.710000 1.000000 0.040437
0.720000 1.000000 0.047849
0.730000 1.000000 0.056372
0.740000 1.000000 0.066126
0.750000 1.000000 0.077231
0.760000 1.000000 0.089812
0.770000 1.000000 0.103996
0.780000 1.000000 0.119906
0.790000 1.000000 0.137665
0.800000 1.000000 0.157388
0.810000 1.000000 0.179186
0.820000 1.000000 0.203154
0.830000 1.000000 0.229380
0.840000 1.000000 0.257932
0.850000 1.000000 0.288863
0.860000 1.000000 0.322203
0.870000 1.000000 0.357962
0.880000 1.000000 0.396123
0.890000 1.000000 0.436646
0.900000 1.000000 0.479461
0.910000 1.000000 0.524474
0.920000 1.000000 0.571560
0.930000 1.000000 0.620569
0.940000 1.000000 0.671326
0.950000 1.000000 0.723630
0.960000 1.000000 0.777260
0.970000 1.000000 0.831974
0.980000 1.000000 0.887516
0.990000 1.000000 0.943617
1.000000 1.000000 1.000000

0.000000 2.000000 0.000000
0.010000 2.000000 0.000000
0.020000 2.000000 0.000001
0.030000 2.000000 0.000001
0.040000 2.000000 0.000001
0.050000 2.000000 0.000002
0.060000 2.000000 0.000003
0.070000 2.000000 0.000003
0.080000 2.000000 0.000004
0.090000 2.000000 0.000006
0.100000 2.000000 0.000007
0.110000 2.000000 0.000009
0.120000 2.000000 0.000011
0.130000 2.000000 0.000014
0.140000 2.000000 0.000018
0.150000 2.000000 0.000022
0.160000 2.000000 0.000028
0.170000 2.000000 0.000034
0.180000 2.000000 0.000042
0.190000 2.000000 0.000053
0.200000 2.000000 0.000065
0.210000 2.000000 0.000080
0.220000 2.000000 0.000098
0.230000 2.000000 0.000121
0.240000 2.000000 0.000148
0.250000 2.000000 0.000180
0.260000 2.000000 0.000220
0.270000 2.000000 0.000267
0.280000 2.000000 0.000324
0.290000 2.000000 0.000391
0.300000 2.000000 0.000472
0.310000 2.000000 0.000569
0.320000 2.000000 0.000683
0.330000 2.000000 0.000818
0.340000 2.000000 0.000978
0.350000 2.000000 0.001167
0.360000 2.000000 0.001389
0.370000 2.000000 0.001649
0.380000 2.000000 0.001953
0.390000 2.000000 0.002308
0.400000 2.000000 0.002721
0.410000 2.000000 0.003202
0.420000 2.000000 0.003758
0.430000 2.000000 0.004400
0.440000 2.000000 0.005141
0.450000 2.000000 0.005993
0.460000 2.000000 0.006970
0.470000 2.000000 0.008088
0.480000 2.000000 0.009364
0.490000 2.000000 0.010817
0.500000 2.000000 0.012466
0.510000 2.000000 0.014335
0.520000 2.000000 0.016447
0.530000 2.000000 0.018828
0.540000 2.000000 0.021505
0.550000 2.000000 0.024508
0.560000 2.000000 0.027868
0.570000 2.000000 0.031619
0.580000 2.000000 0.035794
0.590000 2.000000 0.040430
0.600000 2.000000 0.045567
0.610000 2.000000 0.051243
0.620000 2.000000 0.057500
0.630000 2.000000 0.064380
0.640000 2.000000 0.071927
0.650000 2.000000 0.080183
0.660000 2.000000 0.089194
0.670000 2.000000 0.099004
0.680000 2.000000 0.109657
0.690000 2.000000 0.121197
0.700000 2.000000 0.133666
0.710000 2.000000 0.147106
0.720000 2.000000 0.161557
0.730000 2.000000 0.177055
0.740000 2.000000 0.193635
0.750000 2.000000 0.211328
0.760000 2.000000 0.230163
0.770000 2.000000 0.250162
0.780000 2.000000 0.271345
0.790000 2.000000 0.293726
0.800000 2.000000 0.317314
0.810000 2.000000 0.342111
0.820000 2.000000 0.368114
0.830000 2.000000 0.395315
0.840000 2.000000 0.423697
0.850000 2.000000 0.453238
0.860000 2.000000 0.483908
0.870000 2.000000 0.515670
0.880000 2.000000 0.548483
0.890000 2.000000 0.582295
0.900000 2.000000 0.617051
0.910000 2.000000 0.652686
0.920000 2.000000 0.689133
0.930000 2.000000 0.726317
0.940000 2.000000 0.764158
0.950000 2.000000 0.802570
0.960000 2.000000 0.841466
0.970000 2.000000 0.880754
0.980000 2.000000 0.920337
0.990000 2.000000 0.960119
1.000000 2.000000 1.000000

0.000000 3.000000 0.000000
0.010000 3.000000 0.000016
0.020000 3.000000 0.000032
0.030000 3.000000 0.000050
0.040000 3.000000 0.000068
0.050000 3.000000 0.000088
0.060000 3.000000 0.000111
0.070000 3.000000 0.000136
0.080000 3.000000 0.000164
0.090000 3.000000 0.000197
0.100000 3.000000 0.000234
0.110000 3.000000 0.000277
0.120000 3.000000 0.000326
0.130000 3.000000 0.000383
0.140000 3.000000 0.000448
0.150000 3.000000 0.000523
0.160000 3.000000 0.000608
0.170000 3.000000 0.000707
0.180000 3.000000 0.000820
0.190000 3.000000 0.000950
0.200000 3.000000 0.001098
0.210000 3.000000 0.001267
0.220000 3.000000 0.001460
0.230000 3.000000 0.001680
0.240000 3.000000 0.001929
0.250000 3.000000 0.002212
0.260000 3.000000 0.002533
0.270000 3.000000 0.002895
0.280000 3.000000 0.003305
0.290000 3.000000 0.003766
0.300000 3.000000 0.004285
0.310000 3.000000 0.004869
0.320000 3.000000 0.005523
0.330000 3.000000 0.006256
0.340000 3.000000 0.007075
0.350000 3.000000 0.007989
0.360000 3.000000 0.009008
0.370000 3.000000 0.010141
0.380000 3.000000 0.011399
0.390000 3.000000 0.012795
0.400000 3.000000 0.014339
0.410000 3.000000 0.016046
0.420000 3.000000 0.017928
0.430000 3.000000 0.020002
0.440000 3.000000 0.022282
0.450000 3.000000 0.024784
0.460000 3.000000 0.027527
0.470000 3.000000 0.030528
0.480000 3.000000 0.033806
0.490000 3.000000 0.037380
0.500000 3.000000 0.041271
0.510000 3.000000 0.045500
0.520000 3.000000 0.050088
0.530000 3.000000 0.055059
0.540000 3.000000 0.060434
0.550000 3.000000 0.066237
0.560000 3.000000 0.072492
0.570000 3.000000 0.079223
0.580000 3.000000 0.086453
0.590000 3.000000 0.094208
0.600000 3.000000 0.102510
0.610000 3.000000 0.111385
0.620000 3.000000 0.120856
0.630000 3.000000 0.130946
0.640000 3.000000 0.141677
0.650000 3.000000 0.153072
0.660000 3.000000 0.165152
0.670000 3.000000 0.177935
0.680000 3.000000 0.191441
0.690000 3.000000 0.205687
0.700000 3.000000 0.220689
0.710000 3.000000 0.236459
0.720000 3.000000 0.253011
0.730000 3.000000 0.270353
0.740000 3.000000 0.288494
0.750000 3.000000 0.307438
0.760000 3.000000 0.327188
0.770000 3.000000 0.347744
0.780000 3.000000 0.369103
0.790000 3.000000 0.391261
0.800000 3.000000 0.414208
0.810000 3.000000 0.437932
0.820000 3.000000 0.462421
0.830000 3.000000 0.487655
0.840000 3.000000 0.513615
0.850000 3.000000 0.540276
0.860000 3.000000 0.567613
0.870000 3.000000 0.595595
0.880000 3.000000 0.624190
0.890000 3.000000 0.653363
0.900000 3.000000 0.683076
0.910000 3.000000 0.713288
0.920000 3.000000 0.743958
0.930000 3.000000 0.775039
0.940000 3.000000 0.806485
0.950000 3.000000 0.838247
0.960000 3.000000 0.870275
0.970000 3.000000 0.902517
0.980000 3.000000 0.934921
0.990000 3.000000 0.967433
1.000000 3.000000 1.000000

0.000000 4.000000 0.000000
0.010000 4.000000 0.000110
0.020000 4.000000 0.000221
0.030000 4.000000 0.000336
0.040000 4.000000 0.000455
0.050000 4.000000 0.000581
0.060000 4.000000 0.000714
0.070000 4.000000 0.000858
0.080000 4.000000 0.001014
0.090000 4.000000 0.001183
0.100000 4.000000 0.001368
0.110000 4.000000 0.001572
0.120000 4.000000 0.001796
0.130000 4.000000 0.002042
0.140000 4.000000 0.002315
0.150000 4.000000 0.002616
0.160000 4.000000 0.002949
0.170000 4.000000 0.003317
0.180000 4.000000 0.003724
0.190000 4.000000 0.004174
0.200000 4.000000 0.004670
0.210000 4.000000 0.005217
0.220000 4.000000 0.005821
0.230000 4.000000 0.006485
0.240000 4.000000 0.007216
0.250000 4.000000 0.008019
0.260000 4.000000 0.008901
0.270000 4.000000 0.009867
0.280000 4.000000 0.010926
0.290000 4.000000 0.012083
0.300000 4.000000 0.013348
0.310000 4.000000 0.014728
0.320000 4.000000 0.016232
0.330000 4.000000 0.017870
0.340000 4.000000 0.019650
0.350000 4.000000 0.021583
0.360000 4.000000 0.023680
0.370000 4.000000 0.025950
0.380000 4.000000 0.028407
0.390000 4.000000 0.031062
0.400000 4.000000 0.033926
0.410000 4.000000 0.037014
0.420000 4.000000 0.040337
0.430000 4.000000 0.043911
0.440000 4.000000 0.047748
0.450000 4.000000 0.051863
0.460000 4.000000 0.056271
0.470000 4.000000 0.060987
0.480000 4.000000 0.066025
0.490000 4.000000 0.071402
0.500000 4.000000 0.077132
0.510000 4.000000 0.083232
0.520000 4.000000 0.089717
0.530000 4.000000 0.096603
0.540000 4.000000 0.103906
0.550000 4.000000 0.111641
0.560000 4.000000 0.119823
0.570000 4.000000 0.128467
0.580000 4.000000 0.137589
0.590000 4.000000 0.147203
0.600000 4.000000 0.157321
0.610000 4.000000 0.167959
0.620000 4.000000 0.179128
0.630000 4.000000 0.190841
0.640000 4.000000 0.203107
0.650000 4.000000 0.215939
0.660000 4.000000 0.229344
0.670000 4.000000 0.243331
0.680000 4.000000 0.257907
0.690000 4.000000 0.273078
0.700000 4.000000 0.288849
0.710000 4.000000 0.305222
0.720000 4.000000 0.322200
0.730000 4.000000 0.339782
0.740000 4.000000 0.357968
0.750000 4.000000 0.376755
0.760000 4.000000 0.396139
0.770000 4.000000 0.416112
0.780000 4.000000 0.436669
0.790000 4.000000 0.457799
0.800000 4.000000 0.479490
0.810000 4.000000 0.501731
0.820000 4.000000 0.524507
0.830000 4.000000 0.547801
0.840000 4.000000 0.571596
0.850000 4.000000 0.595871
0.860000 4.000000 0.620606
0.870000 4.000000 0.645777
0.880000 4.000000 0.671361
0.890000 4.000000 0.697332
0.900000 4.000000 0.723663
0.910000 4.000000 0.750325
0.920000 4.000000 0.777288
0.930000 4.000000 0.804523
0.940000 4.000000 0.831997
0.950000 4.000000 0.859677
0.960000 4.000000 0.887532
0.970000 4.000000 0.915526
0.980000 4.000000 0.943625
0.990000 4.000000 0.971795
1.000000 4.000000 1.000000

0.000000 5.000000 0.000000
0.010000 5.000000 0.000341
0.020000 5.000000 0.000686
0.030000 5.000000 0.001036
0.040000 5.000000 0.001396
0.050000 5.000000 0.001768
0.060000 5.000000 0.002156
0.070000 5.000000 0.002563
0.080000 5.000000 0.002992
0.090000 5.000000 0.003447
0.100000 5.000000 0.003931
0.110000 5.000000 0.004448
0.120000 5.000000 0.005002
0.130000 5.000000 0.005597
0.140000 5.000000 0.006237
0.150000 5.000000 0.006926
0.160000 5.000000 0.007669
0.170000 5.000000 0.008472
0.180000 5.000000 0.009337
0.190000 5.000000 0.010272
0.200000 5.000000 0.011281
0.210000 5.000000 0.012370
0.220000 5.000000 0.013545
0.230000 5.000000 0.014813
0.240000 5.000000 0.016178
0.250000 5.000000 0.017650
0.260000 5.000000 0.019233
0.270000 5.000000 0.020936
0.280000 5.000000 0.022767
0.290000 5.000000 0.024732
0.300000 5.000000 0.026841
0.310000 5.000000 0.029102
0.320000 5.000000 0.031523
0.330000 5.000000 0.034113
0.340000 5.000000 0.036882
0.350000 5.000000 0.039839
0.360000 5.000000 0.042994
0.370000 5.000000 0.046357
0.380000 5.000000 0.049938
0.390000 5.000000 0.053748
0.400000 5.000000 0.057797
0.410000 5.000000 0.062096
0.420000 5.000000 0.066655
0.430000 5.000000 0.071487
0.440000 5.000000 0.076602
0.450000 5.000000 0.082012
0.460000 5.000000 0.087726
0.470000 5.000000 0.093758
0.480000 5.000000 0.100118
0.490000 5.000000 0.106817
0.500000 5.000000 0.113867
0.510000 5.000000 0.121278
0.520000 5.000000 0.129061
0.530000 5.000000 0.137226
0.540000 5.000000 0.145785
0.550000 5.000000 0.154746
0.560000 5.000000 0.164120
0.570000 5.000000 0.173915
0.580000 5.000000 0.184140
0.590000 5.000000 0.194805
0.600000 5.000000 0.205915
0.610000 5.000000 0.217479
0.620000 5.000000 0.229502
0.630000 5.000000 0.241992
0.640000 5.000000 0.254952
0.650000 5.000000 0.268387
0.660000 5.000000 0.282301
0.670000 5.000000 0.296696
0.680000 5.000000 0.311574
0.690000 5.000000 0.326935
0.700000 5.000000 0.342781
0.710000 5.000000 0.359109
0.720000 5.000000 0.375918
0.730000 5.000000 0.393203
0.740000 5.000000 0.410963
0.750000 5.000000 0.429189
0.760000 5.000000 0.447878
0.770000 5.000000 0.467020
0.780000 5.000000 0.486608
0.790000 5.000000 0.506632
0.800000 5.000000 0.527080
0.810000 5.000000 0.547942
0.820000 5.000000 0.569204
0.830000 5.000000 0.590852
0.840000 5.000000 0.612872
0.850000 5.000000 0.635247
0.860000 5.000000 0.657959
0.870000 5.000000 0.680993
0.880000 5.000000 0.704327
0.890000 5.000000 0.727944
0.900000 5.000000 0.751821
0.910000 5.000000 0.775939
0.920000 5.000000 0.800275
0.930000 5.000000 0.824806
0.940000 5.000000 0.849510
0.950000 5.000000 0.874362
0.960000 5.000000 0.899339
0.970000 5.000000 0.924417
0.980000 5.000000 0.949569
0.990000 5.000000 0.974772
1.000000 5.000000 1.000000

0.000000 6.000000 0.000000
0.010000 6.000000 0.000716
0.020000 6.000000 0.001436
0.030000 6.000000 0.002165
0.040000 6.000000 0.002907
0.050000 6.000000 0.003667
0.060000 6.000000 0.004448
0.070000 6.000000 0.005257
0.080000 6.000000 0.006096
0.090000 6.000000 0.006972
0.100000 6.000000 0.007887
0.110000 6.000000 0.008849
0.120000 6.000000 0.009861
0.130000 6.000000 0.010928
0.140000 6.000000 0.012056
0.150000 6.000000 0.013250
0.160000 6.000000 0.014515
0.170000 6.000000 0.015858
0.180000 6.000000 0.017283
0.190000 6.000000 0.018797
0.200000 6.000000 0.020406
0.210000 6.000000 0.022115
0.220000 6.000000 0.023932
0.230000 6.000000 0.025863
0.240000 6.000000 0.027915
0.250000 6.000000 0.030094
0.260000 6.000000 0.032408
0.270000 6.000000 0.034863
0.280000 6.000000 0.037467
0.290000 6.000000 0.040229
0.300000 6.000000 0.043154
0.310000 6.000000 0.046252
0.320000 6.000000 0.049530
0.330000 6.000000 0.052996
0.340000 6.000000 0.056659
0.350000 6.000000 0.060526
0.360000 6.000000 0.064607
0.370000 6.000000 0.068909
0.380000 6.000000 0.073442
0.390000 6.000000 0.078213
0.400000 6.000000 0.083232
0.410000 6.000000 0.088507
0.420000 6.000000 0.094047
0.430000 6.000000 0.099861
0.440000 6.000000 0.105956
0.450000 6.000000 0.112342
0.460000 6.000000 0.119026
0.470000 6.000000 0.126018
0.480000 6.000000 0.133325
0.490000 6.000000 0.140955
0.500000 6.000000 0.148915
0.510000 6.000000 0.157214
0.520000 6.000000 0.165859
0.530000 6.000000 0.174856
0.540000 6.000000 0.184213
0.550000 6.000000 0.193934
0.560000 6.000000 0.204027
0.570000 6.000000 0.214497
0.580000 6.000000 0.225349
0.590000 6.000000 0.236587
0.600000 6.000000 0.248215
0.610000 6.000000 0.260238
0.620000 6.000000 0.272658
0.630000 6.000000 0.285477
0.640000 6.000000 0.298698
0.650000 6.000000 0.312321
0.660000 6.000000 0.326347
0.670000 6.000000 0.340777
0.680000 6.000000 0.355608
0.690000 6.000000 0.370841
0.700000 6.000000 0.386472
0.710000 6.000000 0.402499
0.720000 6.000000 0.418918
0.730000 6.000000 0.435725
0.740000 6.000000 0.452914
0.750000 6.000000 0.470480
0.760000 6.000000 0.488415
0.770000 6.000000 0.506713
0.780000 6.000000 0.525365
0.790000 6.000000 0.544362
0.800000 6.000000 0.563695
0.810000 6.000000 0.583352
0.820000 6.000000 0.603323
0.830000 6.000000 0.623597
0.840000 6.000000 0.644159
0.850000 6.000000 0.664997
0.860000 6.000000 0.686098
0.870000 6.000000 0.707446
0.880000 6.000000 0.729027
0.890000 6.000000 0.750825
0.900000 6.000000 0.772824
0.910000 6.000000 0.795006
0.920000 6.000000 0.817356
0.930000 6.000000 0.839855
0.940000 6.000000 0.862486
0.950000 6.000000 0.885230
0.960000 6.000000 0.908070
0.970000 6.000000 0.930985
0.980000 6.000000 0.953958
0.990000 6.000000 0.976970
1.000000 6.000000 1.000000

0.000000 7.000000 0.000000
0.010000 7.000000 0.001201
0.020000 7.000000 0.002407
0.030000 7.000000 0.003623
0.040000 7.000000 0.004856
0.050000 7.000000 0.006109
0.060000 7.000000 0.007389
0.070000 7.000000 0.008701
0.080000 7.000000 0.010050
0.090000 7.000000 0.011442
0.100000 7.000000 0.012881
0.110000 7.000000 0.014375
0.120000 7.000000 0.015928
0.130000 7.000000 0.017545
0.140000 7.000000 0.019234
0.150000 7.000000 0.020999
0.160000 7.000000 0.022847
0.170000 7.000000 0.024783
0.180000 7.000000 0.026813
0.190000 7.000000 0.028945
0.200000 7.000000 0.031183
0.210000 7.000000 0.033534
0.220000 7.000000 0.036005
0.230000 7.000000 0.038603
0.240000 7.000000 0.041332
0.250000 7.000000 0.044202
0.260000 7.000000 0.047217
0.270000 7.000000 0.050385
0.280000 7.000000 0.053712
0.290000 7.000000 0.057206
0.300000 7.000000 0.060874
0.310000 7.000000 0.064722
0.320000 7.000000 0.068758
0.330000 7.000000 0.072988
0.340000 7.000000 0.077420
0.350000 7.000000 0.082061
0.360000 7.000000 0.086917
0.370000 7.000000 0.091997
0.380000 7.000000 0.097306
0.390000 7.000000 0.102852
0.400000 7.000000 0.108642
0.410000 7.000000 0.114683
0.420000 7.000000 0.120981
0.430000 7.000000 0.127543
0.440000 7.000000 0.134376
0.450000 7.000000 0.141486
0.460000 7.000000 0.148879
0.470000 7.000000 0.156560
0.480000 7.000000 0.164537
0.490000 7.000000 0.172815
0.500000 7.000000 0.181398
0.510000 7.000000 0.190293
0.520000 7.000000 0.199503
0.530000 7.000000 0.209034
0.540000 7.000000 0.218890
0.550000 7.000000 0.229074
0.560000 7.000000 0.239590
0.570000 7.000000 0.250442
0.580000 7.000000 0.261631
0.590000 7.000000 0.273161
0.600000 7.000000 0.285033
0.610000 7.000000 0.297249
0.620000 7.000000 0.309810
0.630000 7.000000 0.322716
0.640000 7.000000 0.335967
0.650000 7.000000 0.349563
0.660000 7.000000 0.363504
0.670000 7.000000 0.377787
0.680000 7.000000 0.392410
0.690000 7.000000 0.407372
0.700000 7.000000 0.422669
0.710000 7.000000 0.438296
0.720000 7.000000 0.454251
0.730000 7.000000 0.470528
0.740000 7.000000 0.487122
0.750000 7.000000 0.504027
0.760000 7.000000 0.521236
0.770000 7.000000 0.538743
0.780000 7.000000 0.556541
0.790000 7.000000 0.574619
0.800000 7.000000 0.592972
0.810000 7.000000 0.611588
0.820000 7.000000 0.630458
0.830000 7.000000 0.649573
0.840000 7.000000 0.668922
0.850000 7.000000 0.688492
0.860000 7.000000 0.708274
0.870000 7.000000 0.728254
0.880000 7.000000 0.748421
0.890000 7.000000 0.768762
0.900000 7.000000 0.789263
0.910000 7.000000 0.809910
0.920000 7.000000 0.830691
0.930000 7.000000 0.851592
0.940000 7.000000 0.872597
0.950000 7.000000 0.893692
0.960000 7.000000 0.914862
0.970000 7.000000 0.936094
0.980000 7.000000 0.957370
0.990000 7.000000 0.978678
1.000000 7.000000 1.000000

0.000000 8.000000 0.000000
0.010000 8.000000 0.001754
0.020000 8.000000 0.003515
0.030000 8.000000 0.005286
0.040000 8.000000 0.007075
0.050000 8.000000 0.008887
0.060000 8.000000 0.010728
0.070000 8.000000 0.012604
0.080000 8.000000 0.014520
0.090000 8.000000 0.016482
0.100000 8.000000 0.018496
0.110000 8.000000 0.020568
0.120000 8.000000 0.022704
0.130000 8.000000 0.024910
0.140000 8.000000 0.027192
0.150000 8.000000 0.029556
0.160000 8.000000 0.032007
0.170000 8.000000 0.034552
0.180000 8.000000 0.037197
0.190000 8.000000 0.039948
0.200000 8.000000 0.042812
0.210000 8.000000 0.045793
0.220000 8.000000 0.048900
0.230000 8.000000 0.052136
0.240000 8.000000 0.055510
0.250000 8.000000 0.059027
0.260000 8.000000 0.062694
0.270000 8.000000 0.066516
0.280000 8.000000 0.070499
0.290000 8.000000 0.074651
0.300000 8.000000 0.078977
0.310000 8.000000 0.083484
0.320000 8.000000 0.088177
0.330000 8.000000 0.093063
0.340000 8.000000 0.098147
0.350000 8.000000 0.103437
0.360000 8.000000 0.108937
0.370000 8.000000 0.114654
0.380000 8.000000 0.120593
0.390000 8.000000 0.126760
0.400000 8.000000 0.133160
0.410000 8.000000 0.139800
0.420000 8.000000 0.146684
0.430000 8.000000 0.153817
0.440000 8.000000 0.161205
0.450000 8.000000 0.168851
0.460000 8.000000 0.176762
0.470000 8.000000 0.184941
0.480000 8.000000 0.193393
0.490000 8.000000 0.202121
0.500000 8.000000 0.211129
0.510000 8.000000 0.220421
0.520000 8.000000 0.230000
0.530000 8.000000 0.239868
0.540000 8.000000 0.250030
0.550000 8.000000 0.260486
0.560000 8.000000 0.271239
0.570000 8.000000 0.282290
0.580000 8.000000 0.293641
0.590000 8.000000 0.305294
0.600000 8.000000 0.317248
0.610000 8.000000 0.329503
0.620000 8.000000 0.342060
0.630000 8.000000 0.354919
0.640000 8.000000 0.368077
0.650000 8.000000 0.381534
0.660000 8.000000 0.395289
0.670000 8.000000 0.409339
0.680000 8.000000 0.423680
0.690000 8.000000 0.438312
0.700000 8.000000 0.453229
0.710000 8.000000 0.468428
0.720000 8.000000 0.483905
0.730000 8.000000 0.499655
0.740000 8.000000 0.515673
0.750000 8.000000 0.531953
0.760000 8.000000 0.548489
0.770000 8.000000 0.565276
0.780000 8.000000 0.582305
0.790000 8.000000 0.599569
0.800000 8.000000 0.617062
0.810000 8.000000 0.634775
0.820000 8.000000 0.652699
0.830000 8.000000 0.670826
0.840000 8.000000 0.689147
0.850000 8.000000 0.707651
0.860000 8.000000 0.726330
0.870000 8.000000 0.745173
0.880000 8.000000 0.764170
0.890000 8.000000 0.783309
0.900000 8.000000 0.802581
0.910000 8.000000 0.821974
0.920000 8.000000 0.841476
0.930000 8.000000 0.861075
0.940000 8.000000 0.880761
0.950000 8.000000 0.900520
0.960000 8.000000 0.920342
0.970000 8.000000 0.940213
0.980000 8.000000 0.960121
0.990000 8.000000 0.980054
1.000000 8.000000 1.000000

0.000000 9.000000 0.000000
0.010000 9.000000 0.002340
0.020000 9.000000 0.004686
0.030000 9.000000 0.007044
0.040000 9.000000 0.009420
0.050000 9.000000 0.011819
0.060000 9.000000 0.014248
0.070000 9.000000 0.016712
0.080000 9.000000 0.019218
0.090000 9.000000 0.021771
0.100000 9.000000 0.024378
0.110000 9.000000 0.027044
0.120000 9.000000 0.029775
0.130000 9.000000 0.032576
0.140000 9.000000 0.035455
0.150000 9.000000 0.038417
0.160000 9.000000 0.041468
0.170000 9.000000 0.044613
0.180000 9.000000 0.047859
0.190000 9.000000 0.051212
0.200000 9.000000 0.054677
0.210000 9.000000 0.058260
0.220000 9.000000 0.061968
0.230000 9.000000 0.065805
0.240000 9.000000 0.069778
0.250000 9.000000 0.073893
0.260000 9.000000 0.078155
0.270000 9.000000 0.082569
0.280000 9.000000 0.087142
0.290000 9.000000 0.091880
0.300000 9.000000 0.096786
0.310000 9.000000 0.101868
0.320000 9.000000 0.107131
0.330000 9.000000 0.112579
0.340000 9.000000 0.118217
0.350000 9.000000 0.124052
0.360000 9.000000 0.130088
0.370000 9.000000 0.136330
0.380000 9.000000 0.142783
0.390000 9.000000 0.149451
0.400000 9.000000 0.156339
0.410000 9.000000 0.163451
0.420000 9.000000 0.170792
0.430000 9.000000 0.178365
0.440000 9.000000 0.186175
0.450000 9.000000 0.194225
0.460000 9.000000 0.202518
0.470000 9.000000 0.211058
0.480000 9.000000 0.219848
0.490000 9.000000 0.228891
0.500000 9.000000 0.238189
0.510000 9.000000 0.247745
0.520000 9.000000 0.257561
0.530000 9.000000 0.267639
0.540000 9.000000 0.277981
0.550000 9.000000 0.288587
0.560000 9.000000 0.299458
0.570000 9.000000 0.310597
0.580000 9.000000 0.322002
0.590000 9.000000 0.333675
0.600000 9.000000 0.345615
0.610000 9.000000 0.357821
0.620000 9.000000 0.370293
0.630000 9.000000 0.383030
0.640000 9.000000 0.396030
0.650000 9.000000 0.409292
0.660000 9.000000 0.422812
0.670000 9.000000 0.436590
0.680000 9.000000 0.450622
0.690000 9.000000 0.464904
0.700000 9.000000 0.479434
0.710000 9.000000 0.494207
0.720000 9.000000 0.509220
0.730000 9.000000 0.524468
0.740000 9.000000 0.539945
0.750000 9.000000 0.555647
0.760000 9.000000 0.571569
0.770000 9.000000 0.587703
0.780000 9.000000 0.604045
0.790000 9.000000 0.620588
0.800000 9.000000 0.637324
0.810000 9.000000 0.654248
0.820000 9.000000 0.671350
0.830000 9.000000 0.688625
0.840000 9.000000 0.706063
0.850000 9.000000 0.723656
0.860000 9.000000 0.741397
0.870000 9.000000 0.759276
0.880000 9.000000 0.777284
0.890000 9.000000 0.795413
0.900000 9.000000 0.813653
0.910000 9.000000 0.831995
0.920000 9.000000 0.850428
0.930000 9.000000 0.868944
0.940000 9.000000 0.887531
0.950000 9.000000 0.906181
0.960000 9.000000 0.924882
0.970000 9.000000 0.943625
0.980000 9.000000 0.962399
0.990000 9.000000 0.981194
1.000000 9.000000 1.000000

0.000000 10.000000 0.000000
0.010000 10.000000 0.002930
0.020000 10.000000 0.005867
0.030000 10.000000 0.008814
0.040000 10.000000 0.011780
0.050000 10.000000 0.014769
0.060000 10.000000 0.017787
0.070000 10.000000 0.020840
0.080000 10.000000 0.023934
0.090000 10.000000 0.027075
0.100000 10.000000 0.030269
0.110000 10.000000 0.033520
0.120000 10.000000 0.036836
0.130000 10.000000 0.040222
0.140000 10.000000 0.043683
0.150000 10.000000 0.047225
0.160000 10.000000 0.050855
0.170000 10.000000 0.054576
0.180000 10.000000 0.058397
0.190000 10.000000 0.062320
0.200000 10.000000 0.066354
0.210000 10.000000 0.070502
0.220000 10.000000 0.074770
0.230000 10.000000 0.079164
0.240000 10.000000 0.083689
0.250000 10.000000 0.088350
0.260000 10.000000 0.093153
0.270000 10.000000 0.098102
0.280000 10.000000 0.103203
0.290000 10.000000 0.108461
0.300000 10.000000 0.113880
0.310000 10.000000 0.119466
0.320000 10.000000 0.125223
0.330000 10.000000 0.131156
0.340000 10.000000 0.137269
0.350000 10.000000 0.143567
0.360000 10.000000 0.150054
0.370000 10.000000 0.156734
0.380000 10.000000 0.163611
0.390000 10.000000 0.170689
0.400000 10.000000 0.177972
0.410000 10.000000 0.185463
0.420000 10.000000 0.193165
0.430000 10.000000 0.201083
0.440000 10.000000 0.209219
0.450000 10.000000 0.217575
0.460000 10.000000 0.226155
0.470000 10.000000 0.234961
0.480000 10.000000 0.243995
0.490000 10.000000 0.253260
0.500000 10.000000 0.262757
0.510000 10.000000 0.272488
0.520000 10.000000 0.282454
0.530000 10.000000 0.292657
0.540000 10.000000 0.303097
0.550000 10.000000 0.313775
0.560000 10.000000 0.324692
0.570000 10.000000 0.335848
0.580000 10.000000 0.347242
0.590000 10.000000 0.358874
0.600000 10.000000 0.370744
0.610000 10.000000 0.382851
0.620000 10.000000 0.395194
0.630000 10.000000 0.407771
0.640000 10.000000 0.420580
0.650000 10.000000 0.433620
0.660000 10.000000 0.446888
0.670000 10.000000 0.460381
0.680000 10.000000 0.474098
0.690000 10.000000 0.488034
0.700000 10.000000 0.502186
0.710000 10.000000 0.516552
0.720000 10.000000 0.531125
0.730000 10.000000 0.545903
0.740000 10.000000 0.560881
0.750000 10.000000 0.576054
0.760000 10.000000 0.591417
0.770000 10.000000 0.606965
0.780000 10.000000 0.622692
0.790000 10.000000 0.638592
0.800000 10.000000 0.654660
0.810000 10.000000 0.670888
0.820000 10.000000 0.687271
0.830000 10.000000 0.703801
0.840000 10.000000 0.720473
0.850000 10.000000 0.737278
0.860000 10.000000 0.754209
0.870000 10.000000 0.771258
0.880000 10.000000 0.788419
0.890000 10.000000 0.805683
0.900000 10.000000 0.823041
0.910000 10.000000 0.840487
0.920000 10.000000 0.858011
0.930000 10.000000 0.875605
0.940000 10.000000 0.893261
0.950000 10.000000 0.910969
0.960000 10.000000 0.928722
0.970000 10.000000 0.946510
0.980000 10.000000 0.964325
0.990000 10.000000 0.982158
1.000000 10.000000 1.000000

0.000000 11.000000 0.000000
0.010000 11.000000 0.003506
0.020000 11.000000 0.007019
0.030000 11.000000 0.010542
0.040000 11.000000 0.014082
0.050000 11.000000 0.017645
0.060000 11.000000 0.021236
0.070000 11.000000 0.024861
0.080000 11.000000 0.028526
0.090000 11.000000 0.032235
0.100000 11.000000 0.035995
0.110000 11.000000 0.039810
0.120000 11.000000 0.043688
0.130000 11.000000 0.047632
0.140000 11.000000 0.051649
0.150000 11.000000 0.055743
0.160000 11.000000 0.059921
0.170000 11.000000 0.064187
0.180000 11.000000 0.068548
0.190000 11.000000 0.073007
0.200000 11.000000 0.077570
0.210000 11.000000 0.082242
0.220000 11.000000 0.087029
0.230000 11.000000 0.091935
0.240000 11.000000 0.096965
0.250000 11.000000 0.102124
0.260000 11.000000 0.107417
0.270000 11.000000 0.112849
0.280000 11.000000 0.118423
0.290000 11.000000 0.124145
0.300000 11.000000 0.130018
0.310000 11.000000 0.136048
0.320000 11.000000 0.142238
0.330000 11.000000 0.148593
0.340000 11.000000 0.155115
0.350000 11.000000 0.161810
0.360000 11.000000 0.168680
0.370000 11.000000 0.175730
0.380000 11.000000 0.182963
0.390000 11.000000 0.190382
0.400000 11.000000 0.197989
0.410000 11.000000 0.205789
0.420000 11.000000 0.213784
0.430000 11.000000 0.221976
0.440000 11.000000 0.230369
0.450000 11.000000 0.238963
0.460000 11.000000 0.247762
0.470000 11.000000 0.256767
0.480000 11.000000 0.265981
0.490000 11.000000 0.275404
0.500000 11.000000 0.285037
0.510000 11.000000 0.294883
0.520000 11.000000 0.304942
0.530000 11.000000 0.315215
0.540000 11.000000 0.325701
0.550000 11.000000 0.336403
0.560000 11.000000 0.347318
0.570000 11.000000 0.358448
0.580000 11.000000 0.369792
0.590000 11.000000 0.381349
0.600000 11.000000 0.393119
0.610000 11.000000 0.405100
0.620000 11.000000 0.417291
0.630000 11.000000 0.429690
0.640000 11.000000 0.442296
0.650000 11.000000 0.455106
0.660000 11.000000 0.468119
0.670000 11.000000 0.481331
0.680000 11.000000 0.494740
0.690000 11.000000 0.508344
0.700000 11.000000 0.522138
0.710000 11.000000 0.536119
0.720000 11.000000 0.550283
0.730000 11.000000 0.564628
0.740000 11.000000 0.579147
0.750000 11.000000 0.593838
0.760000 11.000000 0.608695
0.770000 11.000000 0.623714
0.780000 11.000000 0.638890
0.790000 11.000000 0.654216
0.800000 11.000000 0.669689
0.810000 11.000000 0.685302
0.820000 11.000000 0.701050
0.830000 11.000000 0.716926
0.840000 11.000000 0.732925
0.850000 11.000000 0.749040
0.860000 11.000000 0.765264
0.870000 11.000000 0.781592
0.880000 11.000000 0.798015
0.890000 11.000000 0.814528
0.900000 11.000000 0.831124
0.910000 11.000000 0.847795
0.920000 11.000000 0.864534
0.930000 11.000000 0.881333
0.940000 11.000000 0.898186
0.950000 11.000000 0.915085
0.960000 11.000000 0.932022
0.970000 11.000000 0.948989
0.980000 11.000000 0.965980
0.990000 11.000000 0.982986
1.000000 11.000000 1.000000

0.000000 12.000000 0.000000
0.010000 12.000000 0.004057
0.020000 12.000000 0.008119
0.030000 12.000000 0.012192
0.040000 12.000000 0.016281
0.050000 12.000000 0.020391
0.060000 12.000000 0.024528
0.070000 12.000000 0.028697
0.080000 12.000000 0.032904
0.090000 12.000000 0.037153
0.100000 12.000000 0.041449
0.110000 12.000000 0.045799
0.120000 12.000000 0.050206
0.130000 12.000000 0.054677
0.140000 12.000000 0.059216
0.150000 12.000000 0.063829
0.160000 12.000000 0.068520
0.170000 12.000000 0.073294
0.180000 12.000000 0.078157
0.190000 12.000000 0.083113
0.200000 12.000000 0.088166
0.210000 12.000000 0.093322
0.220000 12.000000 0.098586
0.230000 12.000000 0.103961
0.240000 12.000000 0.109452
0.250000 12.000000 0.115064
0.260000 12.000000 0.120800
0.270000 12.000000 0.126666
0.280000 12.000000 0.132665
0.290000 12.000000 0.138802
0.300000 12.000000 0.145080
0.310000 12.000000 0.151502
0.320000 12.000000 0.158074
0.330000 12.000000 0.164798
0.340000 12.000000 0.171677
0.350000 12.000000 0.178716
0.360000 12.000000 0.185917
0.370000 12.000000 0.193284
0.380000 12.000000 0.200819
0.390000 12.000000 0.208525
0.400000 12.000000 0.216404
0.410000 12.000000 0.224461
0.420000 12.000000 0.232695
0.430000 12.000000 0.241111
0.440000 12.000000 0.249710
0.450000 12.000000 0.258493
0.460000 12.000000 0.267462
0.470000 12.000000 0.276620
0.480000 12.000000 0.285967
0.490000 12.000000 0.295504
0.500000 12.000000 0.305233
0.510000 12.000000 0.315153
0.520000 12.000000 0.325267
0.530000 12.000000 0.335574
0.540000 12.000000 0.346074
0.550000 12.000000 0.356767
0.560000 12.000000 0.367654
0.570000 12.000000 0.378733
0.580000 12.000000 0.390005
0.590000 12.000000 0.401468
0.600000 12.000000 0.413122
0.610000 12.000000 0.424965
0.620000 12.000000 0.436996
0.630000 12.000000 0.449213
0.640000 12.000000 0.461614
0.650000 12.000000 0.474198
0.660000 12.000000 0.486962
0.670000 12.000000 0.499904
0.680000 12.000000 0.513021
0.690000 12.000000 0.526310
0.700000 12.000000 0.539769
0.710000 12.000000 0.553393
0.720000 12.000000 0.567180
0.730000 12.000000 0.581126
0.740000 12.000000 0.595227
0.750000 12.000000 0.609479
0.760000 12.000000 0.623879
0.770000 12.000000 0.638420
0.780000 12.000000 0.653100
0.790000 12.000000 0.667914
0.800000 12.000000 0.682855
0.810000 12.000000 0.697921
0.820000 12.000000 0.713104
0.830000 12.000000 0.728401
0.840000 12.000000 0.743805
0.850000 12.000000 0.759311
0.860000 12.000000 0.774914
0.870000 12.000000 0.790606
0.880000 12.000000 0.806384
0.890000 12.000000 0.822239
0.900000 12.000000 0.838167
0.910000 12.000000 0.854160
0.920000 12.000000 0.870214
0.930000 12.000000 0.886320
0.940000 12.000000 0.902473
0.950000 12.000000 0.918666
0.960000 12.000000 0.934892
0.970000 12.000000 0.951146
0.980000 12.000000 0.967419
0.990000 12.000000 0.983706
1.000000 12.000000 1.000000

0.000000 13.000000 0.000000
0.010000 13.000000 0.004575
0.020000 13.000000 0.009155
0.030000 13.000000 0.013745
0.040000 13.000000 0.018350
0.050000 13.000000 0.022975
0.060000 13.000000 0.027625
0.070000 13.000000 0.032304
0.080000 13.000000 0.037019
0.090000 13.000000 0.041773
0.100000 13.000000 0.046572
0.110000 13.000000 0.051421
0.120000 13.000000 0.056324
0.130000 13.000000 0.061285
0.140000 13.000000 0.066311
0.150000 13.000000 0.071405
0.160000 13.000000 0.076572
0.170000 13.000000 0.081817
0.180000 13.000000 0.087144
0.190000 13.000000 0.092557
0.200000 13.000000 0.098062
0.210000 13.000000 0.103662
0.220000 13.000000 0.109361
0.230000 13.000000 0.115164
0.240000 13.000000 0.121075
0.250000 13.000000 0.127098
0.260000 13.000000 0.133236
0.270000 13.000000 0.139494
0.280000 13.000000 0.145876
0.290000 13.000000 0.152384
0.300000 13.000000 0.159023
0.310000 13.000000 0.165795
0.320000 13.000000 0.172705
0.330000 13.000000 0.179755
0.340000 13.000000 0.186948
0.350000 13.000000 0.194288
0.360000 13.000000 0.201777
0.370000 13.000000 0.209417
0.380000 13.000000 0.217212
0.390000 13.000000 0.225164
0.400000 13.000000 0.233275
0.410000 13.000000 0.241548
0.420000 13.000000 0.249983
0.430000 13.000000 0.258584
0.440000 13.000000 0.267351
0.450000 13.000000 0.276287
0.460000 13.000000 0.285393
0.470000 13.000000 0.294669
0.480000 13.000000 0.304117
0.490000 13.000000 0.313738
0.500000 13.000000 0.323533
0.510000 13.000000 0.333502
0.520000 13.000000 0.343646
0.530000 13.000000 0.353964
0.540000 13.000000 0.364457
0.550000 13.000000 0.375124
0.560000 13.000000 0.385966
0.570000 13.000000 0.396982
0.580000 13.000000 0.408170
0.590000 13.000000 0.419531
0.600000 13.000000 0.431063
0.610000 13.000000 0.442766
0.620000 13.000000 0.454636
0.630000 13.000000 0.466674
0.640000 13.000000 0.478877
0.650000 13.000000 0.491243
0.660000 13.000000 0.503771
0.670000 13.000000 0.516457
0.680000 13.000000 0.529300
0.690000 13.000000 0.542296
0.700000 13.000000 0.555444
0.710000 13.000000 0.568739
0.720000 13.000000 0.582179
0.730000 13.000000 0.595761
0.740000 13.000000 0.609481
0.750000 13.000000 0.623335
0.760000 13.000000 0.637319
0.770000 13.000000 0.651431
0.780000 13.000000 0.665664
0.790000 13.000000 0.680017
0.800000 13.000000 0.694483
0.810000 13.000000 0.709058
0.820000 13.000000 0.723739
0.830000 13.000000 0.738519
0.840000 13.000000 0.753395
0.850000 13.000000 0.768361
0.860000 13.000000 0.783411
0.870000 13.000000 0.798542
0.880000 13.000000 0.813748
0.890000 13.000000 0.829022
0.900000 13.000000 0.844360
0.910000 13.000000 0.859757
0.920000 13.000000 0.875206
0.930000 13.000000 0.890702
0.940000 13.000000 0.906239
0.950000 13.000000 0.921812
0.960000 13.000000 0.937414
0.970000 13.000000 0.953040
0.980000 13.000000 0.968683
0.990000 13.000000 0.984339
1.000000 13.000000 1.000000

0.000000 14.000000 0.000000
0.010000 14.000000 0.005057
0.020000 14.000000 0.010119
0.030000 14.000000 0.015191
0.040000 14.000000 0.020276
0.050000 14.000000 0.025380
0.060000 14.000000 0.030507
0.070000 14.000000 0.035662
0.080000 14.000000 0.040848
0.090000 14.000000 0.046072
0.100000 14.000000 0.051337
0.110000 14.000000 0.056648
0.120000 14.000000 0.062010
0.130000 14.000000 0.067426
0.140000 14.000000 0.072900
0.150000 14.000000 0.078439
0.160000 14.000000 0.084045
0.170000 14.000000 0.089722
0.180000 14.000000 0.095476
0.190000 14.000000 0.101309
0.200000 14.000000 0.107227
0.210000 14.000000 0.113233
0.220000 14.000000 0.119330
0.230000 14.000000 0.125523
0.240000 14.000000 0.131816
0.250000 14.000000 0.138212
0.260000 14.000000 0.144714
0.270000 14.000000 0.151326
0.280000 14.000000 0.158052
0.290000 14.000000 0.164894
0.300000 14.000000 0.171856
0.310000 14.000000 0.178941
0.320000 14.000000 0.186152
0.330000 14.000000 0.193491
0.340000 14.000000 0.200962
0.350000 14.000000 0.208567
0.360000 14.000000 0.216309
0.370000 14.000000 0.224189
0.380000 14.000000 0.232211
0.390000 14.000000 0.240376
0.400000 14.000000 0.248686
0.410000 14.000000 0.257143
0.420000 14.000000 0.265749
0.430000 14.000000 0.274506
0.440000 14.000000 0.283414
0.450000 14.000000 0.292476
0.460000 14.000000 0.301692
0.470000 14.000000 0.311063
0.480000 14.000000 0.320590
0.490000 14.000000 0.330274
0.500000 14.000000 0.340116
0.510000 14.000000 0.350115
0.520000 14.000000 0.360272
0.530000 14.000000 0.370588
0.540000 14.000000 0.381061
0.550000 14.000000 0.391692
0.560000 14.000000 0.402481
0.570000 14.000000 0.413426
0.580000 14.000000 0.424528
0.590000 14.000000 0.435784
0.600000 14.000000 0.447195
0.610000 14.000000 0.458759
0.620000 14.000000 0.470475
0.630000 14.000000 0.482341
0.640000 14.000000 0.494355
0.650000 14.000000 0.506516
0.660000 14.000000 0.518821
0.670000 14.000000 0.531269
0.680000 14.000000 0.543857
0.690000 14.000000 0.556583
0.700000 14.000000 0.569444
0.710000 14.000000 0.582437
0.720000 14.000000 0.595560
0.730000 14.000000 0.608810
0.740000 14.000000 0.622183
0.750000 14.000000 0.635675
0.760000 14.000000 0.649285
0.770000 14.000000 0.663007
0.780000 14.000000 0.676839
0.790000 14.000000 0.690776
0.800000 14.000000 0.704815
0.810000 14.000000 0.718951
0.820000 14.000000 0.733181
0.830000 14.000000 0.747500
0.840000 14.000000 0.761903
0.850000 14.000000 0.776387
0.860000 14.000000 0.790946
0.870000 14.000000 0.805577
0.880000 14.000000 0.820274
0.890000 14.000000 0.835032
0.900000 14.000000 0.849847
0.910000 14.000000 0.864713
0.920000 14.000000 0.879627
0.930000 14.000000 0.894582
0.940000 14.000000 0.909573
0.950000 14.000000 0.924596
0.960000 14.000000 0.939645
0.970000 14.000000 0.954716
0.980000 14.000000 0.969802
0.990000 14.000000 0.984898
1.000000 14.000000 1.000000

0.000000 15.000000 0.000000
0.010000 15.000000 0.005503
0.020000 15.000000 0.011011
0.030000 15.000000 0.016527
0.040000 15.000000 0.022057
0.050000 15.000000 0.027603
0.060000 15.000000 0.033170
0.070000 15.000000 0.038763
0.080000 15.000000 0.044386
0.090000 15.000000 0.050043
0.100000 15.000000 0.055738
0.110000 15.000000 0.061475
0.120000 15.000000 0.067258
0.130000 15.000000 0.073092
0.140000 15.000000 0.078980
0.150000 15.000000 0.084926
0.160000 15.000000 0.090934
0.170000 15.000000 0.097009
0.180000 15.000000 0.103153
0.190000 15.000000 0.109371
0.200000 15.000000 0.115666
0.210000 15.000000 0.122042
0.220000 15.000000 0.128502
0.230000 15.000000 0.135050
0.240000 15.000000 0.141689
0.250000 15.000000 0.148423
0.260000 15.000000 0.155254
0.270000 15.000000 0.162187
0.280000 15.000000 0.169223
0.290000 15.000000 0.176366
0.300000 15.000000 0.183618
0.310000 15.000000 0.190984
0.320000 15.000000 0.198464
0.330000 15.000000 0.206062
0.340000 15.000000 0.213780
0.350000 15.000000 0.221620
0.360000 15.000000 0.229585
0.370000 15.000000 0.237677
0.380000 15.000000 0.245898
0.390000 15.000000 0.254249
0.400000 15.000000 0.262732
0.410000 15.000000 0.271350
0.420000 15.000000 0.280103
0.430000 15.000000 0.288993
0.440000 15.000000 0.298021
0.450000 15.000000 0.307188
0.460000 15.000000 0.316495
0.470000 15.000000 0.325943
0.480000 15.000000 0.335533
0.490000 15.000000 0.345265
0.500000 15.000000 0.355140
0.510000 15.000000 0.365158
0.520000 15.000000 0.375319
0.530000 15.000000 0.385623
0.540000 15.000000 0.396070
0.550000 15.000000 0.406660
0.560000 15.000000 0.417392
0.570000 15.000000 0.428265
0.580000 15.000000 0.439280
0.590000 15.000000 0.450434
0.600000 15.000000 0.461728
0.610000 15.000000 0.473159
0.620000 15.000000 0.484728
0.630000 15.000000 0.496431
0.640000 15.000000 0.508268
0.650000 15.000000 0.520238
0.660000 15.000000 0.532337
0.670000 15.000000 0.544564
0.680000 15.000000 0.556917
0.690000 15.000000 0.569394
0.700000 15.000000 0.581993
0.710000 15.000000 0.594710
0.720000 15.000000 0.607544
0.730000 15.000000 0.620491
0.740000 15.000000 0.633549
0.750000 15.000000 0.646714
0.760000 15.000000 0.659983
0.770000 15.000000 0.673354
0.780000 15.000000 0.686823
0.790000 15.000000 0.700386
0.800000 15.000000 0.714040
0.810000 15.000000 0.727782
0.820000 15.000000 0.741607
0.830000 15.000000 0.755511
0.840000 15.000000 0.769491
0.850000 15.000000 0.783543
0.860000 15.000000 0.797663
0.870000 15.000000 0.811846
0.880000 15.000000 0.826088
0.890000 15.000000 0.840385
0.900000 15.000000 0.854733
0.910000 15.000000 0.869127
0.920000 15.000000 0.883563
0.930000 15.000000 0.898036
0.940000 15.000000 0.912541
0.950000 15.000000 0.927075
0.960000 15.000000 0.941632
0.970000 15.000000 0.956207
0.980000 15.000000 0.970797
0.990000 15.000000 0.985396
1.000000 15.000000 1.000000

0.000000 16.000000 0.000000
0.010000 16.000000 0.005914
0.020000 16.000000 0.011831
0.030000 16.000000 0.017756
0.040000 16.000000 0.023694
0.050000 16.000000 0.029646
0.060000 16.000000 0.035619
0.070000 16.000000 0.041615
0.080000 16.000000 0.047638
0.090000 16.000000 0.053692
0.100000 16.000000 0.059781
0.110000 16.000000 0.065909
0.120000 16.000000 0.072079
0.130000 16.000000 0.078295
0.140000 16.000000 0.084561
0.150000 16.000000 0.090881
0.160000 16.000000 0.097257
0.170000 16.000000 0.103694
0.180000 16.000000 0.110195
0.190000 16.000000 0.116764
0.200000 16.000000 0.123403
0.210000 16.000000 0.130116
0.220000 16.000000 0.136906
0.230000 16.000000 0.143776
0.240000 16.000000 0.150730
0.250000 16.000000 0.157770
0.260000 16.000000 0.164900
0.270000 16.000000 0.172122
0.280000 16.000000 0.179438
0.290000 16.000000 0.186852
0.300000 16.000000 0.194367
0.310000 16.000000 0.201984
0.320000 16.000000 0.209706
0.330000 16.000000 0.217535
0.340000 16.000000 0.225474
0.350000 16.000000 0.233524
0.360000 16.000000 0.241688
0.370000 16.000000 0.249967
0.380000 16.000000 0.258364
0.390000 16.000000 0.266880
0.400000 16.000000 0.275515
0.410000 16.000000 0.284273
0.420000 16.000000 0.293154
0.430000 16.000000 0.302159
0.440000 16.000000 0.311290
0.450000 16.000000 0.320547
0.460000 16.000000 0.329931
0.470000 16.000000 0.339444
0.480000 16.000000 0.349084
0.490000 16.000000 0.358854
0.500000 16.000000 0.368753
0.510000 16.000000 0.378782
0.520000 16.000000 0.388940
0.530000 16.000000 0.399228
0.540000 16.000000 0.409645
0.550000 16.000000 0.420191
0.560000 16.000000 0.430866
0.570000 16.000000 0.441669
0.580000 16.000000 0.452599
0.590000 16.000000 0.463656
0.600000 16.000000 0.474838
0.610000 16.000000 0.486145
0.620000 16.000000 0.497576
0.630000 16.000000 0.509128
0.640000 16.000000 0.520801
0.650000 16.000000 0.532592
0.660000 16.000000 0.544501
0.670000 16.000000 0.556526
0.680000 16.000000 0.568664
0.690000 16.000000 0.580913
0.700000 16.000000 0.593271
0.710000 16.000000 0.605737
0.720000 16.000000 0.618307
0.730000 16.000000 0.630979
0.740000 16.000000 0.643750
0.750000 16.000000 0.656618
0.760000 16.000000 0.669581
0.770000 16.000000 0.682633
0.780000 16.000000 0.695774
0.790000 16.000000 0.709000
0.800000 16.000000 0.722307
0.810000 16.000000 0.735693
0.820000 16.000000 0.749153
0.830000 16.000000 0.762685
0.840000 16.000000 0.776285
0.850000 16.000000 0.789949
0.860000 16.000000 0.803674
0.870000 16.000000 0.817456
0.880000 16.000000 0.831290
0.890000 16.000000 0.845175
0.900000 16.000000 0.859104
0.910000 16.000000 0.873075
0.920000 16.000000 0.887083
0.930000 16.000000 0.901124
0.940000 16.000000 0.915195
0.950000 16.000000 0.929290
0.960000 16.000000 0.943407
0.970000 16.000000 0.957541
0.980000 16.000000 0.971687
0.990000 16.000000 0.985841
1.000000 16.000000 1.000000

0.000000 17.000000 0.000000
0.010000 17.000000 0.006289
0.020000 17.000000 0.012582
0.030000 17.000000 0.018882
0.040000 17.000000 0.025193
0.050000 17.000000 0.031518
0.060000 17.000000 0.037861
0.070000 17.000000 0.044225
0.080000 17.000000 0.050614
0.090000 17.000000 0.057032
0.100000 17.000000 0.063482
0.110000 17.000000 0.069967
0.120000 17.000000 0.076491
0.130000 17.000000 0.083057
0.140000 17.000000 0.089668
0.150000 17.000000 0.096329
0.160000 17.000000 0.103041
0.170000 17.000000 0.109808
0.180000 17.000000 0.116634
0.190000 17.000000 0.123522
0.200000 17.000000 0.130474
0.210000 17.000000 0.137493
0.220000 17.000000 0.144583
0.230000 17.000000 0.151746
0.240000 17.000000 0.158986
0.250000 17.000000 0.166304
0.260000 17.000000 0.173704
0.270000 17.000000 0.181187
0.280000 17.000000 0.188757
0.290000 17.000000 0.196416
0.300000 17.000000 0.204167
0.310000 17.000000 0.212010
0.320000 17.000000 0.219950
0.330000 17.000000 0.227987
0.340000 17.000000 0.236124
0.350000 17.000000 0.244362
0.360000 17.000000 0.252703
0.370000 17.000000 0.261150
0.380000 17.000000 0.269703
0.390000 17.000000 0.278365
0.400000 17.000000 0.287135
0.410000 17.000000 0.296017
0.420000 17.000000 0.305010
0.430000 17.000000 0.314116
0.440000 17.000000 0.323336
0.450000 17.000000 0.332671
0.460000 17.000000 0.342121
0.470000 17.000000 0.351688
0.480000 17.000000 0.361370
0.490000 17.000000 0.371170
0.500000 17.000000 0.381087
0.510000 17.000000 0.391121
0.520000 17.000000 0.401273
0.530000 17.000000 0.411542
0.540000 17.000000 0.421928
0.550000 17.000000 0.432431
0.560000 17.000000 0.443051
0.570000 17.000000 0.453786
0.580000 17.000000 0.464636
0.590000 17.000000 0.475601
0.600000 17.000000 0.486679
0.610000 17.000000 0.497870
0.620000 17.000000 0.509172
0.630000 17.000000 0.520584
0.640000 17.000000 0.532105
0.650000 17.000000 0.543734
0.660000 17.000000 0.555468
0.670000 17.000000 0.567307
0.680000 17.000000 0.579247
0.690000 17.000000 0.591289
0.700000 17.000000 0.603428
0.710000 17.000000 0.615664
0.720000 17.000000 0.627995
0.730000 17.000000 0.640417
0.740000 17.000000 0.652929
0.750000 17.000000 0.665528
0.760000 17.000000 0.678211
0.770000 17.000000 0.690976
0.780000 17.000000 0.703821
0.790000 17.000000 0.716741
0.800000 17.000000 0.729736
0.810000 17.000000 0.742800
0.820000 17.000000 0.755932
0.830000 17.000000 0.769128
0.840000 17.000000 0.782386
0.850000 17.000000 0.795701
0.860000 17.000000 0.809070
0.870000 17.000000 0.822491
0.880000 17.000000 0.835960
0.890000 17.000000 0.849472
0.900000 17.000000 0.863026
0.910000 17.000000 0.876616
0.920000 17.000000 0.890241
0.930000 17.000000 0.903895
0.940000 17.000000 0.917575
0.950000 17.000000 0.931278
0.960000 17.000000 0.945000
0.970000 17.000000 0.958737
0.980000 17.000000 0.972485
0.990000 17.000000 0.986240
1.000000 17.000000 1.000000

0.000000 18.000000 0.000000
0.010000 18.000000 0.006632
0.020000 18.000000 0.013268
0.030000 18.000000 0.019910
0.040000 18.000000 0.026562
0.050000 18.000000 0.033227
0.060000 18.000000 0.039908
0.070000 18.000000 0.046609
0.080000 18.000000 0.053333
0.090000 18.000000 0.060082
0.100000 18.000000 0.066861
0.110000 18.000000 0.073672
0.120000 18.000000 0.080518
0.130000 18.000000 0.087403
0.140000 18.000000 0.094329
0.150000 18.000000 0.101299
0.160000 18.000000 0.108318
0.170000 18.000000 0.115386
0.180000 18.000000 0.122508
0.190000 18.000000 0.129685
0.200000 18.000000 0.136922
0.210000 18.000000 0.144220
0.220000 18.000000 0.151582
0.230000 18.000000 0.159011
0.240000 18.000000 0.166509
0.250000 18.000000 0.174079
0.260000 18.000000 0.181723
0.270000 18.000000 0.189444
0.280000 18.000000 0.197243
0.290000 18.000000 0.205124
0.300000 18.000000 0.213087
0.310000 18.000000 0.221135
0.320000 18.000000 0.229270
0.330000 18.000000 0.237494
0.340000 18.000000 0.245809
0.350000 18.000000 0.254216
0.360000 18.000000 0.262717
0.370000 18.000000 0.271314
0.380000 18.000000 0.280007
0.390000 18.000000 0.288798
0.400000 18.000000 0.297689
0.410000 18.000000 0.306680
0.420000 18.000000 0.315773
0.430000 18.000000 0.324968
0.440000 18.000000 0.334267
0.450000 18.000000 0.343669
0.460000 18.000000 0.353177
0.470000 18.000000 0.362789
0.480000 18.000000 0.372507
0.490000 18.000000 0.382332
0.500000 18.000000 0.392262
0.510000 18.000000 0.402299
0.520000 18.000000 0.412442
0.530000 18.000000 0.422691
0.540000 18.000000 0.433046
0.550000 18.000000 0.443508
0.560000 18.000000 0.454074
0.570000 18.000000 0.464745
0.580000 18.000000 0.475521
0.590000 18.000000 0.486400
0.600000 18.000000 0.497381
0.610000 18.000000 0.508465
0.620000 18.000000 0.519649
0.630000 18.000000 0.530932
0.640000 18.000000 0.542314
0.650000 18.000000 0.553793
0.660000 18.000000 0.565368
0.670000 18.000000 0.577036
0.680000 18.000000 0.588797
0.690000 18.000000 0.600649
0.700000 18.000000 0.612589
0.710000 18.000000 0.624617
0.720000 18.000000 0.636729
0.730000 18.000000 0.648925
0.740000 18.000000 0.661201
0.750000 18.000000 0.673556
0.760000 18.000000 0.685987
0.770000 18.000000 0.698492
0.780000 18.000000 0.711068
0.790000 18.000000 0.723713
0.800000 18.000000 0.736424
0.810000 18.000000 0.749199
0.820000 18.000000 0.762034
0.830000 18.000000 0.774928
0.840000 18.000000 0.787876
0.850000 18.000000 0.800876
0.860000 18.000000 0.813926
0.870000 18.000000 0.827021
0.880000 18.000000 0.840160
0.890000 18.000000 0.853338
0.900000 18.000000 0.866553
0.910000 18.000000 0.879802
0.920000 18.000000 0.893081
0.930000 18.000000 0.906386
0.940000 18.000000 0.919716
0.950000 18.000000 0.933065
0.960000 18.000000 0.946432
0.970000 18.000000 0.959812
0.980000 18.000000 0.973202
0.990000 18.000000 0.986599
1.000000 18.000000 1.000000

0.000000 19.000000 0.000000
0.010000 19.000000 0.006945
0.020000 19.000000 0.013893
0.030000 19.000000 0.020847
0.040000 19.000000 0.027810
0.050000 19.000000 0.034784
0.060000 19.000000 0.041774
0.070000 19.000000 0.048781
0.080000 19.000000 0.055809
0.090000 19.000000 0.062861
0.100000 19.000000 0.069939
0.110000 19.000000 0.077047
0.120000 19.000000 0.084187
0.130000 19.000000 0.091362
0.140000 19.000000 0.098574
0.150000 19.000000 0.105827
0.160000 19.000000 0.113123
0.170000 19.000000 0.120465
0.180000 19.000000 0.127856
0.190000 19.000000 0.135297
0.200000 19.000000 0.142792
0.210000 19.000000 0.150343
0.220000 19.000000 0.157952
0.230000 19.000000 0.165622
0.240000 19.000000 0.173355
0.250000 19.000000 0.181153
0.260000 19.000000 0.189019
0.270000 19.000000 0.196954
0.280000 19.000000 0.204961
0.290000 19.000000 0.213041
0.300000 19.000000 0.221197
0.310000 19.000000 0.229430
0.320000 19.000000 0.237742
0.330000 19.000000 0.246134
0.340000 19.000000 0.254610
0.350000 19.000000 0.263168
0.360000 19.000000 0.271813
0.370000 19.000000 0.280543
0.380000 19.000000 0.289362
0.390000 19.000000 0.298270
0.400000 19.000000 0.307268
0.410000 19.000000 0.316357
0.420000 19.000000 0.325538
0.430000 19.000000 0.334812
0.440000 19.000000 0.344180
0.450000 19.000000 0.353643
0.460000 19.000000 0.363200
0.470000 19.000000 0.372853
0.480000 19.000000 0.382601
0.490000 19.000000 0.392446
0.500000 19.000000 0.402387
0.510000 19.000000 0.412424
0.520000 19.000000 0.422557
0.530000 19.000000 0.432787
0.540000 19.000000 0.443112
0.550000 19.000000 0.453534
0.560000 19.000000 0.464051
0.570000 19.000000 0.474662
0.580000 19.000000 0.485368
0.590000 19.000000 0.496168
0.600000 19.000000 0.507061
0.610000 19.000000 0.518045
0.620000 19.000000 0.529121
0.630000 19.000000 0.540286
0.640000 19.000000 0.551541
0.650000 19.000000 0.562883
0.660000 19.000000 0.574312
0.670000 19.000000 0.585826
0.680000 19.000000 0.597423
0.690000 19.000000 0.609102
0.700000 19.000000 0.620861
0.710000 19.000000 0.632700
0.720000 19.000000 0.644614
0.730000 19.000000 0.656604
0.740000 19.000000 0.668667
0.750000 19.000000 0.680801
0.760000 19.000000 0.693003
0.770000 19.000000 0.705272
0.780000 19.000000 0.717606
0.790000 19.000000 0.730001
0.800000 19.000000 0.742457
0.810000 19.000000 0.754969
0.820000 19.000000 0.767537
0.830000 19.000000 0.780156
0.840000 19.000000 0.792826
0.850000 19.000000 0.805542
0.860000 19.000000 0.818302
0.870000 19.000000 0.831105
0.880000 19.000000 0.843945
0.890000 19.000000 0.856822
0.900000 19.000000 0.869732
0.910000 19.000000 0.882672
0.920000 19.000000 0.895640
0.930000 19.000000 0.908631
0.940000 19.000000 0.921644
0.950000 19.000000 0.934675
0.960000 19.000000 0.947722
0.970000 19.000000 0.960781
0.980000 19.000000 0.973849
0.990000 19.000000 0.986923
1.000000 19.000000 1.000000

0.000000 20.000000 0.000000
0.010000 20.000000 0.007229
0.020000 20.000000 0.014462
0.030000 20.000000 0.021699
0.040000 20.000000 0.028945
0.050000 20.000000 0.036202
0.060000 20.000000 0.043472
0.070000 20.000000 0.050758
0.080000 20.000000 0.058063
0.090000 20.000000 0.065390
0.100000 20.000000 0.072740
0.110000 20.000000 0.080118
0.120000 20.000000 0.087524
0.130000 20.000000 0.094963
0.140000 20.000000 0.102436
0.150000 20.000000 0.109945
0.160000 20.000000 0.117494
0.170000 20.000000 0.125084
0.180000 20.000000 0.132719
0.190000 20.000000 0.140400
0.200000 20.000000 0.148129
0.210000 20.000000 0.155909
0.220000 20.000000 0.163743
0.230000 20.000000 0.171631
0.240000 20.000000 0.179577
0.250000 20.000000 0.187582
0.260000 20.000000 0.195648
0.270000 20.000000 0.203778
0.280000 20.000000 0.211972
0.290000 20.000000 0.220234
0.300000 20.000000 0.228563
0.310000 20.000000 0.236963
0.320000 20.000000 0.245435
0.330000 20.000000 0.253980
0.340000 20.000000 0.262600
0.350000 20.000000 0.271295
0.360000 20.000000 0.280068
0.370000 20.000000 0.288920
0.380000 20.000000 0.297852
0.390000 20.000000 0.306864
0.400000 20.000000 0.315958
0.410000 20.000000 0.325135
0.420000 20.000000 0.334396
0.430000 20.000000 0.343740
0.440000 20.000000 0.353170
0.450000 20.000000 0.362685
0.460000 20.000000 0.372287
0.470000 20.000000 0.381975
0.480000 20.000000 0.391749
0.490000 20.000000 0.401611
0.500000 20.000000 0.411560
0.510000 20.000000 0.421596
0.520000 20.000000 0.431719
0.530000 20.000000 0.441930
0.540000 20.000000 0.452228
0.550000 20.000000 0.462612
0.560000 20.000000 0.473083
0.570000 20.000000 0.483639
0.580000 20.000000 0.494281
0.590000 20.000000 0.505008
0.600000 20.000000 0.515819
0.610000 20.000000 0.526713
0.620000 20.000000 0.537689
0.630000 20.000000 0.548747
0.640000 20.000000 0.559885
0.650000 20.000000 0.571103
0.660000 20.000000 0.582399
0.670000 20.000000 0.593772
0.680000 20.000000 0.605220
0.690000 20.000000 0.616742
0.700000 20.000000 0.628337
0.710000 20.000000 0.640003
0.720000 20.000000 0.651739
0.730000 20.000000 0.663542
0.740000 20.000000 0.675411
0.750000 20.000000 0.687345
0.760000 20.000000 0.699340
0.770000 20.000000 0.711396
0.780000 20.000000 0.723509
0.790000 20.000000 0.735679
0.800000 20.000000 0.747903
0.810000 20.000000 0.760179
0.820000 20.000000 0.772504
0.830000 20.000000 0.784876
0.840000 20.000000 0.797293
0.850000 20.000000 0.809753
0.860000 20.000000 0.822252
0.870000 20.000000 0.834790
0.880000 20.000000 0.847362
0.890000 20.000000 0.859966
0.900000 20.000000 0.872601
0.910000 20.000000 0.885262
0.920000 20.000000 0.897949
0.930000 20.000000 0.910657
0.940000 20.000000 0.923384
0.950000 20.000000 0.936128
0.960000 20.000000 0.948886
0.970000 20.000000 0.961655
0.980000 20.000000 0.974432
0.990000 20.000000 0.987215
1.000000 20.000000 1.000000

0.000000 21.000000 0.000000
0.010000 21.000000 0.007488
0.020000 21.000000 0.014979
0.030000 21.000000 0.022474
0.040000 21.000000 0.029977
0.050000 21.000000 0.037490
0.060000 21.000000 0.045015
0.070000 21.000000 0.052554
0.080000 21.000000 0.060111
0.090000 21.000000 0.067688
0.100000 21.000000 0.075286
0.110000 21.000000 0.082908
0.120000 21.000000 0.090557
0.130000 21.000000 0.098235
0.140000 21.000000 0.105944
0.150000 21.000000 0.113687
0.160000 21.000000 0.121465
0.170000 21.000000 0.129281
0.180000 21.000000 0.137137
0.190000 21.000000 0.145035
0.200000 21.000000 0.152977
0.210000 21.000000 0.160966
0.220000 21.000000 0.169002
0.230000 21.000000 0.177089
0.240000 21.000000 0.185228
0.250000 21.000000 0.193420
0.260000 21.000000 0.201668
0.270000 21.000000 0.209974
0.280000 21.000000 0.218338
0.290000 21.000000 0.226763
0.300000 21.000000 0.235250
0.310000 21.000000 0.243801
0.320000 21.000000 0.252417
0.330000 21.000000 0.261100
0.340000 21.000000 0.269850
0.350000 21.000000 0.278669
0.360000 21.000000 0.287559
0.370000 21.000000 0.296520
0.380000 21.000000 0.305553
0.390000 21.000000 0.314659
0.400000 21.000000 0.323840
0.410000 21.000000 0.333095
0.420000 21.000000 0.342427
0.430000 21.000000 0.351835
0.440000 21.000000 0.361320
0.450000 21.000000 0.370882
0.460000 21.000000 0.380523
0.470000 21.000000 0.390242
0.480000 21.000000 0.400039
0.490000 21.000000 0.409915
0.500000 21.000000 0.419871
0.510000 21.000000 0.429905
0.520000 21.000000 0.440019
0.530000 21.000000 0.450212
0.540000 21.000000 0.460483
0.550000 21.000000 0.470833
0.560000 21.000000 0.481261
0.570000 21.000000 0.491767
0.580000 21.000000 0.502350
0.590000 21.000000 0.513010
0.600000 21.000000 0.523746
0.610000 21.000000 0.534557
0.620000 21.000000 0.545443
0.630000 21.000000 0.556403
0.640000 21.000000 0.567435
0.650000 21.000000 0.578540
0.660000 21.000000 0.589715
0.670000 21.000000 0.600959
0.680000 21.000000 0.612272
0.690000 21.000000 0.623652
0.700000 21.000000 0.635098
0.710000 21.000000 0.646608
0.720000 21.000000 0.658181
0.730000 21.000000 0.669815
0.740000 21.000000 0.681509
0.750000 21.000000 0.693260
0.760000 21.000000 0.705068
0.770000 21.000000 0.716930
0.780000 21.000000 0.728845
0.790000 21.000000 0.740811
0.800000 21.000000 0.752825
0.810000 21.000000 0.764886
0.820000 21.000000 0.776992
0.830000 21.000000 0.789141
0.840000 21.000000 0.801330
0.850000 21.000000 0.813557
0.860000 21.000000 0.825821
0.870000 21.000000 0.838119
0.880000 21.000000 0.850448
0.890000 21.000000 0.862806
0.900000 21.000000 0.875192
0.910000 21.000000 0.887602
0.920000 21.000000 0.900034
0.930000 21.000000 0.912486
0.940000 21.000000 0.924956
0.950000 21.000000 0.937440
0.960000 21.000000 0.949937
0.970000 21.000000 0.962444
0.980000 21.000000 0.974959
0.990000 21.000000 0.987478
1.000000 21.000000 1.000000

0.000000 22.000000 0.000000
0.010000 22.000000 0.007723
0.020000 22.000000 0.015448
0.030000 22.000000 0.023178
0.040000 22.000000 0.030914
0.050000 22.000000 0.038660
0.060000 22.000000 0.046416
0.070000 22.000000 0.054186
0.080000 22.000000 0.061971
0.090000 22.000000 0.069774
0.100000 22.000000 0.077597
0.110000 22.000000 0.085442
0.120000 22.000000 0.093311
0.130000 22.000000 0.101207
0.140000 22.000000 0.109130
0.150000 22.000000 0.117084
0.160000 22.000000 0.125071
0.170000 22.000000 0.133091
0.180000 22.000000 0.141148
0.190000 22.000000 0.149243
0.200000 22.000000 0.157379
0.210000 22.000000 0.165556
0.220000 22.000000 0.173777
0.230000 22.000000 0.182043
0.240000 22.000000 0.190356
0.250000 22.000000 0.198719
0.260000 22.000000 0.207131
0.270000 22.000000 0.215596
0.280000 22.000000 0.224115
0.290000 22.000000 0.232688
0.300000 22.000000 0.241318
0.310000 22.000000 0.250005
0.320000 22.000000 0.258751
0.330000 22.000000 0.267558
0.340000 22.000000 0.276427
0.350000 22.000000 0.285357
0.360000 22.000000 0.294352
0.370000 22.000000 0.303411
0.380000 22.000000 0.312536
0.390000 22.000000 0.321727
0.400000 22.000000 0.330986
0.410000 22.000000 0.340313
0.420000 22.000000 0.349708
0.430000 22.000000 0.359172
0.440000 22.000000 0.368707
0.450000 22.000000 0.378312
0.460000 22.000000 0.387987
0.470000 22.000000 0.397733
0.480000 22.000000 0.407551
0.490000 22.000000 0.417440
0.500000 22.000000 0.427401
0.510000 22.000000 0.437433
0.520000 22.000000 0.447538
0.530000 22.000000 0.457713
0.540000 22.000000 0.467960
0.550000 22.000000 0.478278
0.560000 22.000000 0.488667
0.570000 22.000000 0.499126
0.580000 22.000000 0.509656
0.590000 22.000000 0.520255
0.600000 22.000000 0.530923
0.610000 22.000000 0.541659
0.620000 22.000000 0.552462
0.630000 22.000000 0.563333
0.640000 22.000000 0.574269
0.650000 22.000000 0.585270
0.660000 22.000000 0.596336
0.670000 22.000000 0.607464
0.680000 22.000000 0.618654
0.690000 22.000000 0.629905
0.700000 22.000000 0.641215
0.710000 22.000000 0.652583
0.720000 22.000000 0.664009
0.730000 22.000000 0.675489
0.740000 22.000000 0.687024
0.750000 22.000000 0.698611
0.760000 22.000000 0.710249
0.770000 22.000000 0.721936
0.780000 22.000000 0.733671
0.790000 22.000000 0.745451
0.800000 22.000000 0.757276
0.810000 22.000000 0.769143
0.820000 22.000000 0.781051
0.830000 22.000000 0.792997
0.840000 22.000000 0.804980
0.850000 22.000000 0.816997
0.860000 22.000000 0.829047
0.870000 22.000000 0.841128
0.880000 22.000000 0.853238
0.890000 22.000000 0.865374
0.900000 22.000000 0.877534
0.910000 22.000000 0.889717
0.920000 22.000000 0.901919
0.930000 22.000000 0.914140
0.940000 22.000000 0.926376
0.950000 22.000000 0.938626
0.960000 22.000000 0.950888
0.970000 22.000000 0.963158
0.980000 22.000000 0.975435
0.990000 22.000000 0.987716
1.000000 22.000000 1.000000

0.000000 23.000000 0.000000
0.010000 23.000000 0.007936
0.020000 23.000000 0.015874
0.030000 23.000000 0.023817
0.040000 23.000000 0.031765
0.050000 23.000000 0.039722
0.060000 23.000000 0.047688
0.070000 23.000000 0.055667
0.080000 23.000000 0.063660
0.090000 23.000000 0.071668
0.100000 23.000000 0.079695
0.110000 23.000000 0.087742
0.120000 23.000000 0.095811
0.130000 23.000000 0.103904
0.140000 23.000000 0.112022
0.150000 23.000000 0.120168
0.160000 23.000000 0.128343
0.170000 23.000000 0.136549
0.180000 23.000000 0.144788
0.190000 23.000000 0.153062
0.200000 23.000000 0.161372
0.210000 23.000000 0.169720
0.220000 23.000000 0.178108
0.230000 23.000000 0.186537
0.240000 23.000000 0.195009
0.250000 23.000000 0.203525
0.260000 23.000000 0.212087
0.270000 23.000000 0.220696
0.280000 23.000000 0.229354
0.290000 23.000000 0.238062
0.300000 23.000000 0.246820
0.310000 23.000000 0.255631
0.320000 23.000000 0.264496
0.330000 23.000000 0.273415
0.340000 23.000000 0.282390
0.350000 23.000000 0.291422
0.360000 23.000000 0.300512
0.370000 23.000000 0.309660
0.380000 23.000000 0.318867
0.390000 23.000000 0.328135
0.400000 23.000000 0.337464
0.410000 23.000000 0.346855
0.420000 23.000000 0.356308
0.430000 23.000000 0.365823
0.440000 23.000000 0.375402
0.450000 23.000000 0.385045
0.460000 23.000000 0.394751
0.470000 23.000000 0.404522
0.480000 23.000000 0.414358
0.490000 23.000000 0.424258
0.500000 23.000000 0.434224
0.510000 23.000000 0.444254
0.520000 23.000000 0.454349
0.530000 23.000000 0.464509
0.540000 23.000000 0.474733
0.550000 23.000000 0.485022
0.560000 23.000000 0.495375
0.570000 23.000000 0.505792
0.580000 23.000000 0.516272
0.590000 23.000000 0.526816
0.600000 23.000000 0.537421
0.610000 23.000000 0.548089
0.620000 23.000000 0.558818
0.630000 23.000000 0.569607
0.640000 23.000000 0.580456
0.650000 23.000000 0.591363
0.660000 23.000000 0.602329
0.670000 23.000000 0.613352
0.680000 23.000000 0.624430
0.690000 23.000000 0.635564
0.700000 23.000000 0.646751
0.710000 23.000000 0.657991
0.720000 23.000000 0.669283
0.730000 23.000000 0.680624
0.740000 23.000000 0.692015
0.750000 23.000000 0.703453
0.760000 23.000000 0.714937
0.770000 23.000000 0.726465
0.780000 23.000000 0.738037
0.790000 23.000000 0.749650
0.800000 23.000000 0.761303
0.810000 23.000000 0.772994
0.820000 23.000000 0.784722
0.830000 23.000000 0.796485
0.840000 23.000000 0.808281
0.850000 23.000000 0.820109
0.860000 23.000000 0.831966
0.870000 23.000000 0.843851
0.880000 23.000000 0.855761
0.890000 23.000000 0.867696
0.900000 23.000000 0.879653
0.910000 23.000000 0.891629
0.920000 23.000000 0.903625
0.930000 23.000000 0.915636
0.940000 23.000000 0.927661
0.950000 23.000000 0.939699
0.960000 23.000000 0.951747
0.970000 23.000000 0.963803
0.980000 23.000000 0.975865
0.990000 23.000000 0.987932
1.000000 23.000000 1.000000

0.000000 24.000000 0.000000
0.010000 24.000000 0.008130
0.020000 24.000000 0.016261
0.030000 24.000000 0.024396
0.040000 24.000000 0.032537
0.050000 24.000000 0.040685
0.060000 24.000000 0.048842
0.070000 24.000000 0.057010
0.080000 24.000000 0.065191
0.090000 24.000000 0.073387
0.100000 24.000000 0.081598
0.110000 24.000000 0.089828
0.120000 24.000000 0.098078
0.130000 24.000000 0.106350
0.140000 24.000000 0.114644
0.150000 24.000000 0.122964
0.160000 24.000000 0.131311
0.170000 24.000000 0.139685
0.180000 24.000000 0.148089
0.190000 24.000000 0.156525
0.200000 24.000000 0.164994
0.210000 24.000000 0.173497
0.220000 24.000000 0.182037
0.230000 24.000000 0.190613
0.240000 24.000000 0.199229
0.250000 24.000000 0.207884
0.260000 24.000000 0.216581
0.270000 24.000000 0.225321
0.280000 24.000000 0.234105
0.290000 24.000000 0.242934
0.300000 24.000000 0.251810
0.310000 24.000000 0.260733
0.320000 24.000000 0.269704
0.330000 24.000000 0.278725
0.340000 24.000000 0.287797
0.350000 24.000000 0.296920
0.360000 24.000000 0.306096
0.370000 24.000000 0.315324
0.380000 24.000000 0.324607
0.390000 24.000000 0.333944
0.400000 24.000000 0.343336
0.410000 24.000000 0.352784
0.420000 24.000000 0.362289
0.430000 24.000000 0.371851
0.440000 24.000000 0.381469
0.450000 24.000000 0.391146
0.460000 24.000000 0.400881
0.470000 24.000000 0.410674
0.480000 24.000000 0.420526
0.490000 24.000000 0.430436
0.500000 24.000000 0.440405
0.510000 24.000000 0.450433
0.520000 24.000000 0.460519
0.530000 24.000000 0.470665
0.540000 24.000000 0.480869
0.550000 24.000000 0.491131
0.560000 24.000000 0.501451
0.570000 24.000000 0.511830
0.580000 24.000000 0.522265
0.590000 24.000000 0.532758
0.600000 24.000000 0.543307
0.610000 24.000000 0.553912
0.620000 24.000000 0.564573
0.630000 24.000000 0.575288
0.640000 24.000000 0.586058
0.650000 24.000000 0.596881
0.660000 24.000000 0.607756
0.670000 24.000000 0.618682
0.680000 24.000000 0.629660
0.690000 24.000000 0.640687
0.700000 24.000000 0.651763
0.710000 24.000000 0.662887
0.720000 24.000000 0.674057
0.730000 24.000000 0.685273
0.740000 24.000000 0.696533
0.750000 24.000000 0.707835
0.760000 24.000000 0.719180
0.770000 24.000000 0.730565
0.780000 24.000000 0.741989
0.790000 24.000000 0.753450
0.800000 24.000000 0.764948
0.810000 24.000000 0.776480
0.820000 24.000000 0.788045
0.830000 24.000000 0.799642
0.840000 24.000000 0.811269
0.850000 24.000000 0.822925
0.860000 24.000000 0.834607
0.870000 24.000000 0.846314
0.880000 24.000000 0.858045
0.890000 24.000000 0.869797
0.900000 24.000000 0.881570
0.910000 24.000000 0.893360
0.920000 24.000000 0.905167
0.930000 24.000000 0.916989
0.940000 24.000000 0.928824
0.950000 24.000000 0.940670
0.960000 24.000000 0.952525
0.970000 24.000000 0.964387
0.980000 24.000000 0.976255
0.990000 24.000000 0.988127
1.000000 24.000000 1.000000

0.000000 25.000000 0.000000
0.010000 25.000000 0.008305
0.020000 25.000000 0.016612
0.030000 25.000000 0.024922
0.040000 25.000000 0.033237
0.050000 25.000000 0.041558
0.060000 25.000000 0.049888
0.070000 25.000000 0.058228
0.080000 25.000000 0.066580
0.090000 25.000000 0.074945
0.100000 25.000000 0.083324
0.110000 25.000000 0.091720
0.120000 25.000000 0.100135
0.130000 25.000000 0.108568
0.140000 25.000000 0.117023
0.150000 25.000000 0.125500
0.160000 25.000000 0.134002
0.170000 25.000000 0.142529
0.180000 25.000000 0.151083
0.190000 25.000000 0.159666
0.200000 25.000000 0.168278
0.210000 25.000000 0.176922
0.220000 25.000000 0.185599
0.230000 25.000000 0.194309
0.240000 25.000000 0.203055
0.250000 25.000000 0.211836
0.260000 25.000000 0.220656
0.270000 25.000000 0.229514
0.280000 25.000000 0.238413
0.290000 25.000000 0.247352
0.300000 25.000000 0.256333
0.310000 25.000000 0.265357
0.320000 25.000000 0.274426
0.330000 25.000000 0.283539
0.340000 25.000000 0.292698
0.350000 25.000000 0.301904
0.360000 25.000000 0.311157
0.370000 25.000000 0.320458
0.380000 25.000000 0.329808
0.390000 25.000000 0.339208
0.400000 25.000000 0.348658
0.410000 25.000000 0.358158
0.420000 25.000000 0.367710
0.430000 25.000000 0.377313
0.440000 25.000000 0.386968
0.450000 25.000000 0.396675
0.460000 25.000000 0.406435
0.470000 25.000000 0.416248
0.480000 25.000000 0.426114
0.490000 25.000000 0.436033
0.500000 25.000000 0.446005
0.510000 25.000000 0.456031
0.520000 25.000000 0.466110
0.530000 25.000000 0.476242
0.540000 25.000000 0.486427
0.550000 25.000000 0.496665
0.560000 25.000000 0.506956
0.570000 25.000000 0.517299
0.580000 25.000000 0.527694
0.590000 25.000000 0.538140
0.600000 25.000000 0.548638
0.610000 25.000000 0.559187
0.620000 25.000000 0.569786
0.630000 25.000000 0.580434
0.640000 25.000000 0.591131
0.650000 25.000000 0.601877
0.660000 25.000000 0.612670
0.670000 25.000000 0.623510
0.680000 25.000000 0.634396
0.690000 25.000000 0.645327
0.700000 25.000000 0.656302
0.710000 25.000000 0.667320
0.720000 25.000000 0.678380
0.730000 25.000000 0.689482
0.740000 25.000000 0.700623
0.750000 25.000000 0.711803
0.760000 25.000000 0.723022
0.770000 25.000000 0.734276
0.780000 25.000000 0.745566
0.790000 25.000000 0.756890
0.800000 25.000000 0.768247
0.810000 25.000000 0.779635
0.820000 25.000000 0.791053
0.830000 25.000000 0.802500
0.840000 25.000000 0.813974
0.850000 25.000000 0.825474
0.860000 25.000000 0.836997
0.870000 25.000000 0.848544
0.880000 25.000000 0.860112
0.890000 25.000000 0.871699
0.900000 25.000000 0.883305
0.910000 25.000000 0.894927
0.920000 25.000000 0.906564
0.930000 25.000000 0.918214
0.940000 25.000000 0.929876
0.950000 25.000000 0.941548
0.960000 25.000000 0.953229
0.970000 25.000000 0.964916
0.980000 25.000000 0.976608
0.990000 25.000000 0.988303
1.000000 25.000000 1.000000

0.000000 26.000000 0.000000
0.010000 26.000000 0.008464
0.020000 26.000000 0.016930
0.030000 26.000000 0.025398
0.040000 26.000000 0.033871
0.050000 26.000000 0.042351
0.060000 26.000000 0.050837
0.070000 26.000000 0.059333
0.080000 26.000000 0.067839
0.090000 26.000000 0.076358
0.100000 26.000000 0.084889
0.110000 26.000000 0.093436
0.120000 26.000000 0.101999
0.130000 26.000000 0.110579
0.140000 26.000000 0.119179
0.150000 26.000000 0.127800
0.160000 26.000000 0.136442
0.170000 26.000000 0.145107
0.180000 26.000000 0.153797
0.190000 26.000000 0.162513
0.200000 26.000000 0.171256
0.210000 26.000000 0.180027
0.220000 26.000000 0.188828
0.230000 26.000000 0.197659
0.240000 26.000000 0.206523
0.250000 26.000000 0.215419
0.260000 26.000000 0.224350
0.270000 26.000000 0.233315
0.280000 26.000000 0.242317
0.290000 26.000000 0.251356
0.300000 26.000000 0.260433
0.310000 26.000000 0.269549
0.320000 26.000000 0.278705
0.330000 26.000000 0.287902
0.340000 26.000000 0.297140
0.350000 26.000000 0.306420
0.360000 26.000000 0.315744
0.370000 26.000000 0.325111
0.380000 26.000000 0.334522
0.390000 26.000000 0.343979
0.400000 26.000000 0.353480
0.410000 26.000000 0.363028
0.420000 26.000000 0.372622
0.430000 26.000000 0.382262
0.440000 26.000000 0.391950
0.450000 26.000000 0.401685
0.460000 26.000000 0.411468
0.470000 26.000000 0.421299
0.480000 26.000000 0.431177
0.490000 26.000000 0.441104
0.500000 26.000000 0.451079
0.510000 26.000000 0.461103
0.520000 26.000000 0.471175
0.530000 26.000000 0.481294
0.540000 26.000000 0.491462
0.550000 26.000000 0.501678
0.560000 26.000000 0.511942
0.570000 26.000000 0.522253
0.580000 26.000000 0.532611
0.590000 26.000000 0.543016
0.600000 26.000000 0.553467
0.610000 26.000000 0.563964
0.620000 26.000000 0.574507
0.630000 26.000000 0.585095
0.640000 26.000000 0.595727
0.650000 26.000000 0.606402
0.660000 26.000000 0.617121
0.670000 26.000000 0.627882
0.680000 26.000000 0.638685
0.690000 26.000000 0.649528
0.700000 26.000000 0.660412
0.710000 26.000000 0.671334
0.720000 26.000000 0.682295
0.730000 26.000000 0.693293
0.740000 26.000000 0.704327
0.750000 26.000000 0.715397
0.760000 26.000000 0.726500
0.770000 26.000000 0.737637
0.780000 26.000000 0.748806
0.790000 26.000000 0.760005
0.800000 26.000000 0.771235
0.810000 26.000000 0.782492
0.820000 26.000000 0.793777
0.830000 26.000000 0.805088
0.840000 26.000000 0.816423
0.850000 26.000000 0.827782
0.860000 26.000000 0.839162
0.870000 26.000000 0.850563
0.880000 26.000000 0.861984
0.890000 26.000000 0.873422
0.900000 26.000000 0.884876
0.910000 26.000000 0.896346
0.920000 26.000000 0.907829
0.930000 26.000000 0.919324
0.940000 26.000000 0.930829
0.950000 26.000000 0.942344
0.960000 26.000000 0.953866
0.970000 26.000000 0.965394
0.980000 26.000000 0.976927
0.990000 26.000000 0.988463
1.000000 26.000000 1.000000

0.000000 27.000000 0.000000
0.010000 27.000000 0.008608
0.020000 27.000000 0.017218
0.030000 27.000000 0.025830
0.040000 27.000000 0.034447
0.050000 27.000000 0.043069
0.060000 27.000000 0.051697
0.070000 27.000000 0.060334
0.080000 27.000000 0.068981
0.090000 27.000000 0.077638
0.100000 27.000000 0.086308
0.110000 27.000000 0.094991
0.120000 27.000000 0.103689
0.130000 27.000000 0.112403
0.140000 27.000000 0.121134
0.150000 27.000000 0.129884
0.160000 27.000000 0.138653
0.170000 27.000000 0.147444
0.180000 27.000000 0.156257
0.190000 27.000000 0.165094
0.200000 27.000000 0.173955
0.210000 27.000000 0.182841
0.220000 27.000000 0.191755
0.230000 27.000000 0.200696
0.240000 27.000000 0.209666
0.250000 27.000000 0.218666
0.260000 27.000000 0.227697
0.270000 27.000000 0.236760
0.280000 27.000000 0.245856
0.290000 27.000000 0.254985
0.300000 27.000000 0.264149
0.310000 27.000000 0.273348
0.320000 27.000000 0.282583
0.330000 27.000000 0.291856
0.340000 27.000000 0.301166
0.350000 27.000000 0.310514
0.360000 27.000000 0.319901
0.370000 27.000000 0.329328
0.380000 27.000000 0.338794
0.390000 27.000000 0.348302
0.400000 27.000000 0.357850
0.410000 27.000000 0.367441
0.420000 27.000000 0.377073
0.430000 27.000000 0.386747
0.440000 27.000000 0.396465
0.450000 27.000000 0.406225
0.460000 27.000000 0.416028
0.470000 27.000000 0.425875
0.480000 27.000000 0.435765
0.490000 27.000000 0.445699
0.500000 27.000000 0.455677
0.510000 27.000000 0.465698
0.520000 27.000000 0.475763
0.530000 27.000000 0.485872
0.540000 27.000000 0.496024
0.550000 27.000000 0.506220
0.560000 27.000000 0.516459
0.570000 27.000000 0.526741
0.580000 27.000000 0.537066
0.590000 27.000000 0.547433
0.600000 27.000000 0.557842
0.610000 27.000000 0.568292
0.620000 27.000000 0.578784
0.630000 27.000000 0.589317
0.640000 27.000000 0.599889
0.650000 27.000000 0.610502
0.660000 27.000000 0.621153
0.670000 27.000000 0.631843
0.680000 27.000000 0.642570
0.690000 27.000000 0.653334
0.700000 27.000000 0.664135
0.710000 27.000000 0.674970
0.720000 27.000000 0.685841
0.730000 27.000000 0.696745
0.740000 27.000000 0.707682
0.750000 27.000000 0.718651
0.760000 27.000000 0.729651
0.770000 27.000000 0.740681
0.780000 27.000000 0.751740
0.790000 27.000000 0.762827
0.800000 27.000000 0.773940
0.810000 27.000000 0.785080
0.820000 27.000000 0.796244
0.830000 27.000000 0.807431
0.840000 27.000000 0.818641
0.850000 27.000000 0.829872
0.860000 27.000000 0.841122
0.870000 27.000000 0.852392
0.880000 27.000000 0.863678
0.890000 27.000000 0.874981
0.900000 27.000000 0.886299
0.910000 27.000000 0.897630
0.920000 27.000000 0.908974
0.930000 27.000000 0.920328
0.940000 27.000000 0.931692
0.950000 27.000000 0.943064
0.960000 27.000000 0.954443
0.970000 27.000000 0.965827
0.980000 27.000000 0.977216
0.990000 27.000000 0.988607
1.000000 27.000000 1.000000

0.000000 28.000000 0.000000
0.010000 28.000000 0.008739
0.020000 28.000000 0.017479
0.030000 28.000000 0.026222
0.040000 28.000000 0.034968
0.050000 28.000000 0.043719
0.060000 28.000000 0.052477
0.070000 28.000000 0.061242
0.080000 28.000000 0.070016
0.090000 28.000000 0.078799
0.100000 28.000000 0.087593
0.110000 28.000000 0.096400
0.120000 28.000000 0.105220
0.130000 28.000000 0.114055
0.140000 28.000000 0.122905
0.150000 28.000000 0.131773
0.160000 28.000000 0.140658
0.170000 28.000000 0.149562
0.180000 28.000000 0.158487
0.190000 28.000000 0.167433
0.200000 28.000000 0.176401
0.210000 28.000000 0.185392
0.220000 28.000000 0.194407
0.230000 28.000000 0.203448
0.240000 28.000000 0.212515
0.250000 28.000000 0.221609
0.260000 28.000000 0.230731
0.270000 28.000000 0.239882
0.280000 28.000000 0.249063
0.290000 28.000000 0.258274
0.300000 28.000000 0.267516
0.310000 28.000000 0.276791
0.320000 28.000000 0.286098
0.330000 28.000000 0.295439
0.340000 28.000000 0.304814
0.350000 28.000000 0.314223
0.360000 28.000000 0.323668
0.370000 28.000000 0.333148
0.380000 28.000000 0.342665
0.390000 28.000000 0.352219
0.400000 28.000000 0.361810
0.410000 28.000000 0.371439
0.420000 28.000000 0.381106
0.430000 28.000000 0.390811
0.440000 28.000000 0.400555
0.450000 28.000000 0.410338
0.460000 28.000000 0.420160
0.470000 28.000000 0.430021
0.480000 28.000000 0.439922
0.490000 28.000000 0.449862
0.500000 28.000000 0.459842
0.510000 28.000000 0.469862
0.520000 28.000000 0.479921
0.530000 28.000000 0.490019
0.540000 28.000000 0.500157
0.550000 28.000000 0.510335
0.560000 28.000000 0.520551
0.570000 28.000000 0.530807
0.580000 28.000000 0.541101
0.590000 28.000000 0.551434
0.600000 28.000000 0.561805
0.610000 28.000000 0.572213
0.620000 28.000000 0.582659
0.630000 28.000000 0.593141
0.640000 28.000000 0.603660
0.650000 28.000000 0.614215
0.660000 28.000000 0.624805
0.670000 28.000000 0.635430
0.680000 28.000000 0.646089
0.690000 28.000000 0.656781
0.700000 28.000000 0.667507
0.710000 28.000000 0.678264
0.720000 28.000000 0.689053
0.730000 28.000000 0.699872
0.740000 28.000000 0.710721
0.750000 28.000000 0.721599
0.760000 28.000000 0.732505
0.770000 28.000000 0.743438
0.780000 28.000000 0.754397
0.790000 28.000000 0.765382
0.800000 28.000000 0.776391
0.810000 28.000000 0.787423
0.820000 28.000000 0.798478
0.830000 28.000000 0.809553
0.840000 28.000000 0.820649
0.850000 28.000000 0.831765
0.860000 28.000000 0.842898
0.870000 28.000000 0.854048
0.880000 28.000000 0.865213
0.890000 28.000000 0.876394
0.900000 28.000000 0.887588
0.910000 28.000000 0.898794
0.920000 28.000000 0.910011
0.930000 28.000000 0.921238
0.940000 28.000000 0.932473
0.950000 28.000000 0.943716
0.960000 28.000000 0.954966
0.970000 28.000000 0.966220
0.980000 28.000000 0.977478
0.990000 28.000000 0.988738
1.000000 28.000000 1.000000

0.000000 29.000000 0.000000
0.010000 29.000000 0.008857
0.020000 29.000000 0.017716
0.030000 29.000000 0.026577
0.040000 29.000000 0.035441
0.050000 29.000000 0.044309
0.060000 29.000000 0.053184
0.070000 29.000000 0.062064
0.080000 29.000000 0.070953
0.090000 29.000000 0.079851
0.100000 29.000000 0.088759
0.110000 29.000000 0.097677
0.120000 29.000000 0.106608
0.130000 29.000000 0.115553
0.140000 29.000000 0.124511
0.150000 29.000000 0.133485
0.160000 29.000000 0.142475
0.170000 29.000000 0.151482
0.180000 29.000000 0.160507
0.190000 29.000000 0.169552
0.200000 29.000000 0.178617
0.210000 29.000000 0.187703
0.220000 29.000000 0.196811
0.230000 29.000000 0.205942
0.240000 29.000000 0.215097
0.250000 29.000000 0.224276
0.260000 29.000000 0.233480
0.270000 29.000000 0.242711
0.280000 29.000000 0.251969
0.290000 29.000000 0.261254
0.300000 29.000000 0.270568
0.310000 29.000000 0.279911
0.320000 29.000000 0.289283
0.330000 29.000000 0.298686
0.340000 29.000000 0.308119
0.350000 29.000000 0.317584
0.360000 29.000000 0.327081
0.370000 29.000000 0.336611
0.380000 29.000000 0.346173
0.390000 29.000000 0.355769
0.400000 29.000000 0.365399
0.410000 29.000000 0.375062
0.420000 29.000000 0.384761
0.430000 29.000000 0.394494
0.440000 29.000000 0.404262
0.450000 29.000000 0.414065
0.460000 29.000000 0.423904
0.470000 29.000000 0.433778
0.480000 29.000000 0.443688
0.490000 29.000000 0.453634
0.500000 29.000000 0.463616
0.510000 29.000000 0.473634
0.520000 29.000000 0.483687
0.530000 29.000000 0.493777
0.540000 29.000000 0.503902
0.550000 29.000000 0.514063
0.560000 29.000000 0.524259
0.570000 29.000000 0.534491
0.580000 29.000000 0.544757
0.590000 29.000000 0.555059
0.600000 29.000000 0.565395
0.610000 29.000000 0.575765
0.620000 29.000000 0.586169
0.630000 29.000000 0.596606
0.640000 29.000000 0.607076
0.650000 29.000000 0.617579
0.660000 29.000000 0.628113
0.670000 29.000000 0.638680
0.680000 29.000000 0.649277
0.690000 29.000000 0.659904
0.700000 29.000000 0.670561
0.710000 29.000000 0.681248
0.720000 29.000000 0.691962
0.730000 29.000000 0.702704
0.740000 29.000000 0.713474
0.750000 29.000000 0.724269
0.760000 29.000000 0.735090
0.770000 29.000000 0.745935
0.780000 29.000000 0.756805
0.790000 29.000000 0.767697
0.800000 29.000000 0.778611
0.810000 29.000000 0.789546
0.820000 29.000000 0.800501
0.830000 29.000000 0.811476
0.840000 29.000000 0.822469
0.850000 29.000000 0.833479
0.860000 29.000000 0.844506
0.870000 29.000000 0.855548
0.880000 29.000000 0.866604
0.890000 29.000000 0.877673
0.900000 29.000000 0.888755
0.910000 29.000000 0.899847
0.920000 29.000000 0.910950
0.930000 29.000000 0.922062
0.940000 29.000000 0.933181
0.950000 29.000000 0.944307
0.960000 29.000000 0.955439
0.970000 29.000000 0.966575
0.980000 29.000000 0.977715
0.990000 29.000000 0.988857
1.000000 29.000000 1.000000

0.000000 30.000000 0.000000
0.010000 30.000000 0.008965
0.020000 30.000000 0.017930
0.030000 30.000000 0.026898
0.040000 30.000000 0.035869
0.050000 30.000000 0.044844
0.060000 30.000000 0.053824
0.070000 30.000000 0.062810
0.080000 30.000000 0.071803
0.090000 30.000000 0.080804
0.100000 30.000000 0.089815
0.110000 30.000000 0.098835
0.120000 30.000000 0.107866
0.130000 30.000000 0.116910
0.140000 30.000000 0.125966
0.150000 30.000000 0.135036
0.160000 30.000000 0.144121
0.170000 30.000000 0.153221
0.180000 30.000000 0.162339
0.190000 30.000000 0.171473
0.200000 30.000000 0.180626
0.210000 30.000000 0.189798
0.220000 30.000000 0.198990
0.230000 30.000000 0.208202
0.240000 30.000000 0.217436
0.250000 30.000000 0.226693
0.260000 30.000000 0.235972
0.270000 30.000000 0.245275
0.280000 30.000000 0.254602
0.290000 30.000000 0.263955
0.300000 30.000000 0.273333
0.310000 30.000000 0.282737
0.320000 30.000000 0.292169
0.330000 30.000000 0.301628
0.340000 30.000000 0.311115
0.350000 30.000000 0.320630
0.360000 30.000000 0.330174
0.370000 30.000000 0.339748
0.380000 30.000000 0.349352
0.390000 30.000000 0.358985
0.400000 30.000000 0.368650
0.410000 30.000000 0.378345
0.420000 30.000000 0.388072
0.430000 30.000000 0.397830
0.440000 30.000000 0.407620
0.450000 30.000000 0.417442
0.460000 30.000000 0.427296
0.470000 30.000000 0.437182
0.480000 30.000000 0.447100
0.490000 30.000000 0.457051
0.500000 30.000000 0.467035
0.510000 30.000000 0.477051
0.520000 30.000000 0.487100
0.530000 30.000000 0.497181
0.540000 30.000000 0.507294
0.550000 30.000000 0.517440
0.560000 30.000000 0.527618
0.570000 30.000000 0.537828
0.580000 30.000000 0.548070
0.590000 30.000000 0.558343
0.600000 30.000000 0.568647
0.610000 30.000000 0.578982
0.620000 30.000000 0.589348
0.630000 30.000000 0.599745
0.640000 30.000000 0.610171
0.650000 30.000000 0.620626
0.660000 30.000000 0.631111
0.670000 30.000000 0.641624
0.680000 30.000000 0.652165
0.690000 30.000000 0.662733
0.700000 30.000000 0.673329
0.710000 30.000000 0.683950
0.720000 30.000000 0.694598
0.730000 30.000000 0.705270
0.740000 30.000000 0.715967
0.750000 30.000000 0.726688
0.760000 30.000000 0.737432
0.770000 30.000000 0.748198
0.780000 30.000000 0.758985
0.790000 30.000000 0.769793
0.800000 30.000000 0.780621
0.810000 30.000000 0.791469
0.820000 30.000000 0.802334
0.830000 30.000000 0.813217
0.840000 30.000000 0.824117
0.850000 30.000000 0.835032
0.860000 30.000000 0.845962
0.870000 30.000000 0.856906
0.880000 30.000000 0.867863
0.890000 30.000000 0.878832
0.900000 30.000000 0.889812
0.910000 30.000000 0.900802
0.920000 30.000000 0.911801
0.930000 30.000000 0.922808
0.940000 30.000000 0.933822
0.950000 30.000000 0.944842
0.960000 30.000000 0.955868
0.970000 30.000000 0.966897
0.980000 30.000000 0.977930
0.990000 30.000000 0.988964
1.000000 30.000000 1.000000

