  0.000 0.5000000
  0.010 0.5000000
  0.020 0.5000000
  0.030 0.5000000
  0.040 0.5000000
  0.050 0.5000000
  0.060 0.4999999
  0.070 0.4999999
  0.080 0.4999999
  0.090 0.4999999
  0.100 0.4999998
  0.110 0.4999998
  0.120 0.4999998
  0.130 0.4999998
  0.140 0.4999997
  0.150 0.4999997
  0.160 0.4999996
  0.170 0.4999996
  0.180 0.4999996
  0.190 0.4999995
  0.200 0.4999995
  0.210 0.4999994
  0.220 0.4999994
  0.230 0.4999993
  0.240 0.4999992
  0.250 0.4999992
  0.260 0.4999991
  0.270 0.4999990
  0.280 0.4999990
  0.290 0.4999989
  0.300 0.4999988
  0.310 0.4999988
  0.320 0.4999987
  0.330 0.4999986
  0.340 0.4999985
  0.350 0.4999984
  0.360 0.4999984
  0.370 0.4999983
  0.380 0.4999982
  0.390 0.4999981
  0.400 0.4999980
  0.410 0.4999979
  0.420 0.4999978
  0.430 0.4999977
  0.440 0.4999976
  0.450 0.4999975
  0.460 0.4999974
  0.470 0.4999973
  0.480 0.4999972
  0.490 0.4999971
  0.500 0.4999970
  0.510 0.4999969
  0.520 0.4999968
  0.530 0.4999967
  0.540 0.4999966
  0.550 0.4999965
  0.560 0.4999964
  0.570 0.4999962
  0.580 0.4999961
  0.590 0.4999960
  0.600 0.4999959
  0.610 0.4999958
  0.620 0.4999957
  0.630 0.4999955
  0.640 0.4999954
  0.650 0.4999953
  0.660 0.4999952
  0.670 0.4999951
  0.680 0.4999949
  0.690 0.4999948
  0.700 0.4999947
  0.710 0.4999946
  0.720 0.4999944
  0.730 0.4999943
  0.740 0.4999942
  0.750 0.4999941
  0.760 0.4999939
  0.770 0.4999938
  0.780 0.4999937
  0.790 0.4999936
  0.800 0.4999934
  0.810 0.4999933
  0.820 0.4999932
  0.830 0.4999931
  0.840 0.4999929
  0.850 0.4999928
  0.860 0.4999927
  0.870 0.4999926
  0.880 0.4999925
  0.890 0.4999923
  0.900 0.4999922
  0.910 0.4999921
  0.920 0.4999920
  0.930 0.4999918
  0.940 0.4999917
  0.950 0.4999916
  0.960 0.4999915
  0.970 0.4999914
  0.980 0.4999913
  0.990 0.4999911
  1.000 0.4999910
  1.010 0.4999909
  1.020 0.4999908
  1.030 0.4999907
  1.040 0.4999906
  1.050 0.4999905
  1.060 0.4999904
  1.070 0.4999903
  1.080 0.4999902
  1.090 0.4999901
  1.100 0.4999900
  1.110 0.4999899
  1.120 0.4999898
  1.130 0.4999897
  1.140 0.4999896
  1.150 0.4999895
  1.160 0.4999894
  1.170 0.4999893
  1.180 0.4999892
  1.190 0.4999891
  1.200 0.4999891
  1.210 0.4999890
  1.220 0.4999889
  1.230 0.4999888
  1.240 0.4999887
  1.250 0.4999887
  1.260 0.4999886
  1.270 0.4999885
  1.280 0.4999885
  1.290 0.4999884
  1.300 0.4999883
  1.310 0.4999883
  1.320 0.4999882
  1.330 0.4999882
  1.340 0.4999881
  1.350 0.4999880
  1.360 0.4999880
  1.370 0.4999879
  1.380 0.4999879
  1.390 0.4999879
  1.400 0.4999878
  1.410 0.4999878
  1.420 0.4999877
  1.430 0.4999877
  1.440 0.4999877
  1.450 0.4999877
  1.460 0.4999876
  1.470 0.4999876
  1.480 0.4999876
  1.490 0.4999876
  1.500 0.4999875
  1.510 0.4999875
  1.520 0.4999875
  1.530 0.4999875
  1.540 0.4999875
  1.550 0.4999875
  1.560 0.4999875
  1.570 0.4999875
  1.580 0.4999875
  1.590 0.4999875
  1.600 0.4999875
  1.610 0.4999875
  1.620 0.4999875
  1.630 0.4999876
  1.640 0.4999876
  1.650 0.4999876
  1.660 0.4999876
  1.670 0.4999876
  1.680 0.4999877
  1.690 0.4999877
  1.700 0.4999877
  1.710 0.4999878
  1.720 0.4999878
  1.730 0.4999879
  1.740 0.4999879
  1.750 0.4999879
  1.760 0.4999880
  1.770 0.4999880
  1.780 0.4999881
  1.790 0.4999881
  1.800 0.4999882
  1.810 0.4999883
  1.820 0.4999883
  1.830 0.4999884
  1.840 0.4999884
  1.850 0.4999885
  1.860 0.4999886
  1.870 0.4999887
  1.880 0.4999887
  1.890 0.4999888
  1.900 0.4999889
  1.910 0.4999890
  1.920 0.4999890
  1.930 0.4999891
  1.940 0.4999892
  1.950 0.4999893
  1.960 0.4999894
  1.970 0.4999895
  1.980 0.4999896
  1.990 0.4999897
  2.000 0.4999898
  2.010 0.4999899
  2.020 0.4999900
  2.030 0.4999901
  2.040 0.4999902
  2.050 0.4999903
  2.060 0.4999904
  2.070 0.4999905
  2.080 0.4999906
  2.090 0.4999907
  2.100 0.4999908
  2.110 0.4999909
  2.120 0.4999910
  2.130 0.4999911
  2.140 0.4999912
  2.150 0.4999914
  2.160 0.4999915
  2.170 0.4999916
  2.180 0.4999917
  2.190 0.4999918
  2.200 0.4999919
  2.210 0.4999921
  2.220 0.4999922
  2.230 0.4999923
  2.240 0.4999924
  2.250 0.4999926
  2.260 0.4999927
  2.270 0.4999928
  2.280 0.4999929
  2.290 0.4999930
  2.300 0.4999932
  2.310 0.4999933
  2.320 0.4999934
  2.330 0.4999935
  2.340 0.4999937
  2.350 0.4999938
  2.360 0.4999939
  2.370 0.4999940
  2.380 0.4999942
  2.390 0.4999943
  2.400 0.4999944
  2.410 0.4999945
  2.420 0.4999947
  2.430 0.4999948
  2.440 0.4999949
  2.450 0.4999950
  2.460 0.4999952
  2.470 0.4999953
  2.480 0.4999954
  2.490 0.4999955
  2.500 0.4999956
  2.510 0.4999958
  2.520 0.4999959
  2.530 0.4999960
  2.540 0.4999961
  2.550 0.4999962
  2.560 0.4999963
  2.570 0.4999965
  2.580 0.4999966
  2.590 0.4999967
  2.600 0.4999968
  2.610 0.4999969
  2.620 0.4999970
  2.630 0.4999971
  2.640 0.4999972
  2.650 0.4999973
  2.660 0.4999974
  2.670 0.4999975
  2.680 0.4999976
  2.690 0.4999977
  2.700 0.4999978
  2.710 0.4999979
  2.720 0.4999980
  2.730 0.4999981
  2.740 0.4999982
  2.750 0.4999983
  2.760 0.4999984
  2.770 0.4999984
  2.780 0.4999985
  2.790 0.4999986
  2.800 0.4999987
  2.810 0.4999988
  2.820 0.4999988
  2.830 0.4999989
  2.840 0.4999990
  2.850 0.4999990
  2.860 0.4999991
  2.870 0.4999992
  2.880 0.4999992
  2.890 0.4999993
  2.900 0.4999993
  2.910 0.4999994
  2.920 0.4999994
  2.930 0.4999995
  2.940 0.4999995
  2.950 0.4999996
  2.960 0.4999996
  2.970 0.4999997
  2.980 0.4999997
  2.990 0.4999998
  3.000 0.4999998
  3.010 0.4999998
  3.020 0.4999998
  3.030 0.4999999
  3.040 0.4999999
  3.050 0.4999999
  3.060 0.4999999
  3.070 0.5000000
  3.080 0.5000000
  3.090 0.5000000
  3.100 0.5000000
  3.110 0.5000000
  3.120 0.5000000
  3.130 0.5000000
  3.140 0.5000000
  3.150 0.5000000
  3.160 0.5000000
  3.170 0.5000000
  3.180 0.5000000
  3.190 0.5000000
  3.200 0.4999999
  3.210 0.4999999
  3.220 0.4999999
  3.230 0.4999999
  3.240 0.4999999
  3.250 0.4999998
  3.260 0.4999998
  3.270 0.4999998
  3.280 0.4999997
  3.290 0.4999997
  3.300 0.4999996
  3.310 0.4999996
  3.320 0.4999996
  3.330 0.4999995
  3.340 0.4999995
  3.350 0.4999994
  3.360 0.4999994
  3.370 0.4999993
  3.380 0.4999992
  3.390 0.4999992
  3.400 0.4999991
  3.410 0.4999991
  3.420 0.4999990
  3.430 0.4999989
  3.440 0.4999988
  3.450 0.4999988
  3.460 0.4999987
  3.470 0.4999986
  3.480 0.4999985
  3.490 0.4999985
  3.500 0.4999984
  3.510 0.4999983
  3.520 0.4999982
  3.530 0.4999981
  3.540 0.4999980
  3.550 0.4999979
  3.560 0.4999978
  3.570 0.4999977
  3.580 0.4999977
  3.590 0.4999976
  3.600 0.4999975
  3.610 0.4999974
  3.620 0.4999972
  3.630 0.4999971
  3.640 0.4999970
  3.650 0.4999969
  3.660 0.4999968
  3.670 0.4999967
  3.680 0.4999966
  3.690 0.4999965
  3.700 0.4999964
  3.710 0.4999963
  3.720 0.4999961
  3.730 0.4999960
  3.740 0.4999959
  3.750 0.4999958
  3.760 0.4999957
  3.770 0.4999956
  3.780 0.4999954
  3.790 0.4999953
  3.800 0.4999952
  3.810 0.4999951
  3.820 0.4999950
  3.830 0.4999948
  3.840 0.4999947
  3.850 0.4999946
  3.860 0.4999945
  3.870 0.4999943
  3.880 0.4999942
  3.890 0.4999941
  3.900 0.4999940
  3.910 0.4999938
  3.920 0.4999937
  3.930 0.4999936
  3.940 0.4999935
  3.950 0.4999933
  3.960 0.4999932
  3.970 0.4999931
  3.980 0.4999930
  3.990 0.4999928
  4.000 0.4999927
  4.010 0.4999926
  4.020 0.4999925
  4.030 0.4999923
  4.040 0.4999922
  4.050 0.4999921
  4.060 0.4999920
  4.070 0.4999919
  4.080 0.4999917
  4.090 0.4999916
  4.100 0.4999915
  4.110 0.4999914
  4.120 0.4999913
  4.130 0.4999912
  4.140 0.4999911
  4.150 0.4999909
  4.160 0.4999908
  4.170 0.4999907
  4.180 0.4999906
  4.190 0.4999905
  4.200 0.4999904
  4.210 0.4999903
  4.220 0.4999902
  4.230 0.4999901
  4.240 0.4999900
  4.250 0.4999899
  4.260 0.4999898
  4.270 0.4999897
  4.280 0.4999896
  4.290 0.4999895
  4.300 0.4999894
  4.310 0.4999893
  4.320 0.4999892
  4.330 0.4999892
  4.340 0.4999891
  4.350 0.4999890
  4.360 0.4999889
  4.370 0.4999888
  4.380 0.4999888
  4.390 0.4999887
  4.400 0.4999886
  4.410 0.4999885
  4.420 0.4999885
  4.430 0.4999884
  4.440 0.4999883
  4.450 0.4999883
  4.460 0.4999882
  4.470 0.4999882
  4.480 0.4999881
  4.490 0.4999881
  4.500 0.4999880
  4.510 0.4999880
  4.520 0.4999879
  4.530 0.4999879
  4.540 0.4999878
  4.550 0.4999878
  4.560 0.4999878
  4.570 0.4999877
  4.580 0.4999877
  4.590 0.4999877
  4.600 0.4999876
  4.610 0.4999876
  4.620 0.4999876
  4.630 0.4999876
  4.640 0.4999875
  4.650 0.4999875
  4.660 0.4999875
  4.670 0.4999875
  4.680 0.4999875
  4.690 0.4999875
  4.700 0.4999875
  4.710 0.4999875
  4.720 0.4999875
  4.730 0.4999875
  4.740 0.4999875
  4.750 0.4999875
  4.760 0.4999875
  4.770 0.4999876
  4.780 0.4999876
  4.790 0.4999876
  4.800 0.4999876
  4.810 0.4999876
  4.820 0.4999877
  4.830 0.4999877
  4.840 0.4999877
  4.850 0.4999878
  4.860 0.4999878
  4.870 0.4999878
  4.880 0.4999879
  4.890 0.4999879
  4.900 0.4999880
  4.910 0.4999880
  4.920 0.4999881
  4.930 0.4999881
  4.940 0.4999882
  4.950 0.4999883
  4.960 0.4999883
  4.970 0.4999884
  4.980 0.4999884
  4.990 0.4999885
  5.000 0.4999886
  5.010 0.4999886
  5.020 0.4999887
  5.030 0.4999888
  5.040 0.4999889
  5.050 0.4999890
  5.060 0.4999890
  5.070 0.4999891
  5.080 0.4999892
  5.090 0.4999893
  5.100 0.4999894
  5.110 0.4999895
  5.120 0.4999896
  5.130 0.4999896
  5.140 0.4999897
  5.150 0.4999898
  5.160 0.4999899
  5.170 0.4999900
  5.180 0.4999901
  5.190 0.4999902
  5.200 0.4999903
  5.210 0.4999905
  5.220 0.4999906
  5.230 0.4999907
  5.240 0.4999908
  5.250 0.4999909
  5.260 0.4999910
  5.270 0.4999911
  5.280 0.4999912
  5.290 0.4999913
  5.300 0.4999915
  5.310 0.4999916
  5.320 0.4999917
  5.330 0.4999918
  5.340 0.4999919
  5.350 0.4999920
  5.360 0.4999922
  5.370 0.4999923
  5.380 0.4999924
  5.390 0.4999925
  5.400 0.4999927
  5.410 0.4999928
  5.420 0.4999929
  5.430 0.4999930
  5.440 0.4999932
  5.450 0.4999933
  5.460 0.4999934
  5.470 0.4999935
  5.480 0.4999937
  5.490 0.4999938
  5.500 0.4999939
  5.510 0.4999940
  5.520 0.4999942
  5.530 0.4999943
  5.540 0.4999944
  5.550 0.4999945
  5.560 0.4999946
  5.570 0.4999948
  5.580 0.4999949
  5.590 0.4999950
  5.600 0.4999951
  5.610 0.4999953
  5.620 0.4999954
  5.630 0.4999955
  5.640 0.4999956
  5.650 0.4999957
  5.660 0.4999959
  5.670 0.4999960
  5.680 0.4999961
  5.690 0.4999962
  5.700 0.4999963
  5.710 0.4999964
  5.720 0.4999965
  5.730 0.4999967
  5.740 0.4999968
  5.750 0.4999969
  5.760 0.4999970
  5.770 0.4999971
  5.780 0.4999972
  5.790 0.4999973
  5.800 0.4999974
  5.810 0.4999975
  5.820 0.4999976
  5.830 0.4999977
  5.840 0.4999978
  5.850 0.4999979
  5.860 0.4999980
  5.870 0.4999981
  5.880 0.4999982
  5.890 0.4999983
  5.900 0.4999983
  5.910 0.4999984
  5.920 0.4999985
  5.930 0.4999986
  5.940 0.4999987
  5.950 0.4999987
  5.960 0.4999988
  5.970 0.4999989
  5.980 0.4999990
  5.990 0.4999990
  6.000 0.4999991
  6.010 0.4999992
  6.020 0.4999992
  6.030 0.4999993
  6.040 0.4999993
  6.050 0.4999994
  6.060 0.4999994
  6.070 0.4999995
  6.080 0.4999995
  6.090 0.4999996
  6.100 0.4999996
  6.110 0.4999997
  6.120 0.4999997
  6.130 0.4999997
  6.140 0.4999998
  6.150 0.4999998
  6.160 0.4999998
  6.170 0.4999999
  6.180 0.4999999
  6.190 0.4999999
  6.200 0.4999999
  6.210 0.5000000
  6.220 0.5000000
  6.230 0.5000000
  6.240 0.5000000
  6.250 0.5000000
  6.260 0.5000000
  6.270 0.5000000
  6.280 0.5000000
  6.290 0.5000000
  6.300 0.5000000
  6.310 0.5000000
  6.320 0.5000000
  6.330 0.5000000
  6.340 0.4999999
  6.350 0.4999999
  6.360 0.4999999
  6.370 0.4999999
  6.380 0.4999999
  6.390 0.4999998
  6.400 0.4999998
  6.410 0.4999998
  6.420 0.4999997
  6.430 0.4999997
  6.440 0.4999997
  6.450 0.4999996
  6.460 0.4999996
  6.470 0.4999995
  6.480 0.4999995
  6.490 0.4999994
  6.500 0.4999994
  6.510 0.4999993
  6.520 0.4999993
  6.530 0.4999992
  6.540 0.4999991
  6.550 0.4999991
  6.560 0.4999990
  6.570 0.4999989
  6.580 0.4999989
  6.590 0.4999988
  6.600 0.4999987
  6.610 0.4999986
  6.620 0.4999986
  6.630 0.4999985
  6.640 0.4999984
  6.650 0.4999983
  6.660 0.4999982
  6.670 0.4999981
  6.680 0.4999980
  6.690 0.4999980
  6.700 0.4999979
  6.710 0.4999978
  6.720 0.4999977
  6.730 0.4999976
  6.740 0.4999975
  6.750 0.4999974
  6.760 0.4999973
  6.770 0.4999972
  6.780 0.4999971
  6.790 0.4999969
  6.800 0.4999968
  6.810 0.4999967
  6.820 0.4999966
  6.830 0.4999965
  6.840 0.4999964
  6.850 0.4999963
  6.860 0.4999962
  6.870 0.4999961
  6.880 0.4999959
  6.890 0.4999958
  6.900 0.4999957
  6.910 0.4999956
  6.920 0.4999955
  6.930 0.4999953
  6.940 0.4999952
  6.950 0.4999951
  6.960 0.4999950
  6.970 0.4999949
  6.980 0.4999947
  6.990 0.4999946
  7.000 0.4999945
  7.010 0.4999944
  7.020 0.4999942
  7.030 0.4999941
  7.040 0.4999940
  7.050 0.4999939
  7.060 0.4999937
  7.070 0.4999936
  7.080 0.4999935
  7.090 0.4999934
  7.100 0.4999932
  7.110 0.4999931
  7.120 0.4999930
  7.130 0.4999929
  7.140 0.4999927
  7.150 0.4999926
  7.160 0.4999925
  7.170 0.4999924
  7.180 0.4999922
  7.190 0.4999921
  7.200 0.4999920
  7.210 0.4999919
  7.220 0.4999918
  7.230 0.4999916
  7.240 0.4999915
  7.250 0.4999914
  7.260 0.4999913
  7.270 0.4999912
  7.280 0.4999911
  7.290 0.4999910
  7.300 0.4999908
  7.310 0.4999907
  7.320 0.4999906
  7.330 0.4999905
  7.340 0.4999904
  7.350 0.4999903
  7.360 0.4999902
  7.370 0.4999901
  7.380 0.4999900
  7.390 0.4999899
  7.400 0.4999898
  7.410 0.4999897
  7.420 0.4999896
  7.430 0.4999895
  7.440 0.4999894
  7.450 0.4999893
  7.460 0.4999893
  7.470 0.4999892
  7.480 0.4999891
  7.490 0.4999890
  7.500 0.4999889
  7.510 0.4999888
  7.520 0.4999888
  7.530 0.4999887
  7.540 0.4999886
  7.550 0.4999885
  7.560 0.4999885
  7.570 0.4999884
  7.580 0.4999884
  7.590 0.4999883
  7.600 0.4999882
  7.610 0.4999882
  7.620 0.4999881
  7.630 0.4999881
  7.640 0.4999880
  7.650 0.4999880
  7.660 0.4999879
  7.670 0.4999879
  7.680 0.4999878
  7.690 0.4999878
  7.700 0.4999878
  7.710 0.4999877
  7.720 0.4999877
  7.730 0.4999877
  7.740 0.4999876
  7.750 0.4999876
  7.760 0.4999876
  7.770 0.4999876
  7.780 0.4999876
  7.790 0.4999875
  7.800 0.4999875
  7.810 0.4999875
  7.820 0.4999875
  7.830 0.4999875
  7.840 0.4999875
  7.850 0.4999875
  7.860 0.4999875
  7.870 0.4999875
  7.880 0.4999875
  7.890 0.4999875
  7.900 0.4999875
  7.910 0.4999876
  7.920 0.4999876
  7.930 0.4999876
  7.940 0.4999876
  7.950 0.4999876
  7.960 0.4999877
  7.970 0.4999877
  7.980 0.4999877
  7.990 0.4999878
  8.000 0.4999878
  8.010 0.4999878
  8.020 0.4999879
  8.030 0.4999879
  8.040 0.4999880
  8.050 0.4999880
  8.060 0.4999881
  8.070 0.4999881
  8.080 0.4999882
  8.090 0.4999882
  8.100 0.4999883
  8.110 0.4999884
  8.120 0.4999884
  8.130 0.4999885
  8.140 0.4999886
  8.150 0.4999886
  8.160 0.4999887
  8.170 0.4999888
  8.180 0.4999889
  8.190 0.4999889
  8.200 0.4999890
  8.210 0.4999891
  8.220 0.4999892
  8.230 0.4999893
  8.240 0.4999894
  8.250 0.4999895
  8.260 0.4999895
  8.270 0.4999896
  8.280 0.4999897
  8.290 0.4999898
  8.300 0.4999899
  8.310 0.4999900
  8.320 0.4999901
  8.330 0.4999902
  8.340 0.4999903
  8.350 0.4999904
  8.360 0.4999905
  8.370 0.4999907
  8.380 0.4999908
  8.390 0.4999909
  8.400 0.4999910
  8.410 0.4999911
  8.420 0.4999912
  8.430 0.4999913
  8.440 0.4999914
  8.450 0.4999916
  8.460 0.4999917
  8.470 0.4999918
  8.480 0.4999919
  8.490 0.4999920
  8.500 0.4999922
  8.510 0.4999923
  8.520 0.4999924
  8.530 0.4999925
  8.540 0.4999926
  8.550 0.4999928
  8.560 0.4999929
  8.570 0.4999930
  8.580 0.4999931
  8.590 0.4999933
  8.600 0.4999934
  8.610 0.4999935
  8.620 0.4999936
  8.630 0.4999938
  8.640 0.4999939
  8.650 0.4999940
  8.660 0.4999941
  8.670 0.4999943
  8.680 0.4999944
  8.690 0.4999945
  8.700 0.4999946
  8.710 0.4999948
  8.720 0.4999949
  8.730 0.4999950
  8.740 0.4999951
  8.750 0.4999952
  8.760 0.4999954
  8.770 0.4999955
  8.780 0.4999956
  8.790 0.4999957
  8.800 0.4999958
  8.810 0.4999960
  8.820 0.4999961
  8.830 0.4999962
  8.840 0.4999963
  8.850 0.4999964
  8.860 0.4999965
  8.870 0.4999966
  8.880 0.4999968
  8.890 0.4999969
  8.900 0.4999970
  8.910 0.4999971
  8.920 0.4999972
  8.930 0.4999973
  8.940 0.4999974
  8.950 0.4999975
  8.960 0.4999976
  8.970 0.4999977
  8.980 0.4999978
  8.990 0.4999979
  9.000 0.4999980
  9.010 0.4999981
  9.020 0.4999982
  9.030 0.4999982
  9.040 0.4999983
  9.050 0.4999984
  9.060 0.4999985
  9.070 0.4999986
  9.080 0.4999987
  9.090 0.4999987
  9.100 0.4999988
  9.110 0.4999989
  9.120 0.4999989
  9.130 0.4999990
  9.140 0.4999991
  9.150 0.4999991
  9.160 0.4999992
  9.170 0.4999993
  9.180 0.4999993
  9.190 0.4999994
  9.200 0.4999994
  9.210 0.4999995
  9.220 0.4999995
  9.230 0.4999996
  9.240 0.4999996
  9.250 0.4999997
  9.260 0.4999997
  9.270 0.4999997
  9.280 0.4999998
  9.290 0.4999998
  9.300 0.4999998
  9.310 0.4999999
  9.320 0.4999999
  9.330 0.4999999
  9.340 0.4999999
  9.350 0.4999999
  9.360 0.5000000
  9.370 0.5000000
  9.380 0.5000000
  9.390 0.5000000
  9.400 0.5000000
  9.410 0.5000000
  9.420 0.5000000
  9.430 0.5000000
  9.440 0.5000000
  9.450 0.5000000
  9.460 0.5000000
  9.470 0.5000000
  9.480 0.4999999
  9.490 0.4999999
  9.500 0.4999999
  9.510 0.4999999
  9.520 0.4999999
  9.530 0.4999998
  9.540 0.4999998
  9.550 0.4999998
  9.560 0.4999997
  9.570 0.4999997
  9.580 0.4999997
  9.590 0.4999996
  9.600 0.4999996
  9.610 0.4999995
  9.620 0.4999995
  9.630 0.4999994
  9.640 0.4999994
  9.650 0.4999993
  9.660 0.4999993
  9.670 0.4999992
  9.680 0.4999991
  9.690 0.4999991
  9.700 0.4999990
  9.710 0.4999989
  9.720 0.4999989
  9.730 0.4999988
  9.740 0.4999987
  9.750 0.4999986
  9.760 0.4999986
  9.770 0.4999985
  9.780 0.4999984
  9.790 0.4999983
  9.800 0.4999982
  9.810 0.4999981
  9.820 0.4999981
  9.830 0.4999980
  9.840 0.4999979
  9.850 0.4999978
  9.860 0.4999977
  9.870 0.4999976
  9.880 0.4999975
  9.890 0.4999974
  9.900 0.4999973
  9.910 0.4999972
  9.920 0.4999971
  9.930 0.4999970
  9.940 0.4999969
  9.950 0.4999967
  9.960 0.4999966
  9.970 0.4999965
  9.980 0.4999964
  9.990 0.4999963
 10.000 0.4999962
 10.010 0.4999961
 10.020 0.4999960
 10.030 0.4999958
 10.040 0.4999957
 10.050 0.4999956
 10.060 0.4999955
 10.070 0.4999954
 10.080 0.4999952
 10.090 0.4999951
 10.100 0.4999950
 10.110 0.4999949
 10.120 0.4999947
 10.130 0.4999946
 10.140 0.4999945
 10.150 0.4999944
 10.160 0.4999943
 10.170 0.4999941
 10.180 0.4999940
 10.190 0.4999939
 10.200 0.4999938
 10.210 0.4999936
 10.220 0.4999935
 10.230 0.4999934
 10.240 0.4999933
 10.250 0.4999931
 10.260 0.4999930
 10.270 0.4999929
 10.280 0.4999928
 10.290 0.4999926
 10.300 0.4999925
 10.310 0.4999924
 10.320 0.4999923
 10.330 0.4999921
 10.340 0.4999920
 10.350 0.4999919
 10.360 0.4999918
 10.370 0.4999917
 10.380 0.4999915
 10.390 0.4999914
 10.400 0.4999913
 10.410 0.4999912
 10.420 0.4999911
 10.430 0.4999910
 10.440 0.4999909
 10.450 0.4999908
 10.460 0.4999906
 10.470 0.4999905
 10.480 0.4999904
 10.490 0.4999903
 10.500 0.4999902
 10.510 0.4999901
 10.520 0.4999900
 10.530 0.4999899
 10.540 0.4999898
 10.550 0.4999897
 10.560 0.4999896
 10.570 0.4999895
 10.580 0.4999894
 10.590 0.4999894
 10.600 0.4999893
 10.610 0.4999892
 10.620 0.4999891
 10.630 0.4999890
 10.640 0.4999889
 10.650 0.4999889
 10.660 0.4999888
 10.670 0.4999887
 10.680 0.4999886
 10.690 0.4999886
 10.700 0.4999885
 10.710 0.4999884
 10.720 0.4999884
 10.730 0.4999883
 10.740 0.4999882
 10.750 0.4999882
 10.760 0.4999881
 10.770 0.4999881
 10.780 0.4999880
 10.790 0.4999880
 10.800 0.4999879
 10.810 0.4999879
 10.820 0.4999878
 10.830 0.4999878
 10.840 0.4999878
 10.850 0.4999877
 10.860 0.4999877
 10.870 0.4999877
 10.880 0.4999876
 10.890 0.4999876
 10.900 0.4999876
 10.910 0.4999876
 10.920 0.4999876
 10.930 0.4999875
 10.940 0.4999875
 10.950 0.4999875
 10.960 0.4999875
 10.970 0.4999875
 10.980 0.4999875
 10.990 0.4999875
 11.000 0.4999875
 11.010 0.4999875
 11.020 0.4999875
 11.030 0.4999875
 11.040 0.4999875
 11.050 0.4999876
 11.060 0.4999876
 11.070 0.4999876
 11.080 0.4999876
 11.090 0.4999876
 11.100 0.4999877
 11.110 0.4999877
 11.120 0.4999877
 11.130 0.4999878
 11.140 0.4999878
 11.150 0.4999878
 11.160 0.4999879
 11.170 0.4999879
 11.180 0.4999880
 11.190 0.4999880
 11.200 0.4999881
 11.210 0.4999881
 11.220 0.4999882
 11.230 0.4999882
 11.240 0.4999883
 11.250 0.4999884
 11.260 0.4999884
 11.270 0.4999885
 11.280 0.4999886
 11.290 0.4999886
 11.300 0.4999887
 11.310 0.4999888
 11.320 0.4999888
 11.330 0.4999889
 11.340 0.4999890
 11.350 0.4999891
 11.360 0.4999892
 11.370 0.4999893
 11.380 0.4999893
 11.390 0.4999894
 11.400 0.4999895
 11.410 0.4999896
 11.420 0.4999897
 11.430 0.4999898
 11.440 0.4999899
 11.450 0.4999900
 11.460 0.4999901
 11.470 0.4999902
 11.480 0.4999903
 11.490 0.4999904
 11.500 0.4999905
 11.510 0.4999906
 11.520 0.4999907
 11.530 0.4999909
 11.540 0.4999910
 11.550 0.4999911
 11.560 0.4999912
 11.570 0.4999913
 11.580 0.4999914
 11.590 0.4999915
 11.600 0.4999917
 11.610 0.4999918
 11.620 0.4999919
 11.630 0.4999920
 11.640 0.4999921
 11.650 0.4999923
 11.660 0.4999924
 11.670 0.4999925
 11.680 0.4999926
 11.690 0.4999927
 11.700 0.4999929
 11.710 0.4999930
 11.720 0.4999931
 11.730 0.4999932
 11.740 0.4999934
 11.750 0.4999935
 11.760 0.4999936
 11.770 0.4999937
 11.780 0.4999939
 11.790 0.4999940
 11.800 0.4999941
 11.810 0.4999942
 11.820 0.4999944
 11.830 0.4999945
 11.840 0.4999946
 11.850 0.4999947
 11.860 0.4999949
 11.870 0.4999950
 11.880 0.4999951
 11.890 0.4999952
 11.900 0.4999953
 11.910 0.4999955
 11.920 0.4999956
 11.930 0.4999957
 11.940 0.4999958
 11.950 0.4999959
 11.960 0.4999961
 11.970 0.4999962
 11.980 0.4999963
 11.990 0.4999964
 12.000 0.4999965
 12.010 0.4999966
 12.020 0.4999967
 12.030 0.4999968
 12.040 0.4999970
 12.050 0.4999971
 12.060 0.4999972
 12.070 0.4999973
 12.080 0.4999974
 12.090 0.4999975
 12.100 0.4999976
 12.110 0.4999977
 12.120 0.4999978
 12.130 0.4999979
 12.140 0.4999980
 12.150 0.4999980
 12.160 0.4999981
 12.170 0.4999982
 12.180 0.4999983
 12.190 0.4999984
 12.200 0.4999985
 12.210 0.4999986
 12.220 0.4999986
 12.230 0.4999987
 12.240 0.4999988
 12.250 0.4999989
 12.260 0.4999989
 12.270 0.4999990
 12.280 0.4999991
 12.290 0.4999991
 12.300 0.4999992
 12.310 0.4999993
 12.320 0.4999993
 12.330 0.4999994
 12.340 0.4999994
 12.350 0.4999995
 12.360 0.4999995
 12.370 0.4999996
 12.380 0.4999996
 12.390 0.4999997
 12.400 0.4999997
 12.410 0.4999997
 12.420 0.4999998
 12.430 0.4999998
 12.440 0.4999998
 12.450 0.4999999
 12.460 0.4999999
 12.470 0.4999999
 12.480 0.4999999
 12.490 0.4999999
 12.500 0.5000000
 12.510 0.5000000
 12.520 0.5000000
 12.530 0.5000000
 12.540 0.5000000
 12.550 0.5000000
 12.560 0.5000000
 12.570 0.5000000
 12.580 0.5000000
 12.590 0.5000000
 12.600 0.5000000
 12.610 0.5000000
 12.620 0.4999999
 12.630 0.4999999
 12.640 0.4999999
 12.650 0.4999999
 12.660 0.4999999
 12.670 0.4999998
 12.680 0.4999998
 12.690 0.4999998
 12.700 0.4999997
 12.710 0.4999997
 12.720 0.4999997
 12.730 0.4999996
 12.740 0.4999996
 12.750 0.4999995
 12.760 0.4999995
 12.770 0.4999994
 12.780 0.4999994
 12.790 0.4999993
 12.800 0.4999993
 12.810 0.4999992
 12.820 0.4999992
 12.830 0.4999991
 12.840 0.4999990
 12.850 0.4999990
 12.860 0.4999989
 12.870 0.4999988
 12.880 0.4999987
 12.890 0.4999987
 12.900 0.4999986
 12.910 0.4999985
 12.920 0.4999984
 12.930 0.4999983
 12.940 0.4999982
 12.950 0.4999982
 12.960 0.4999981
 12.970 0.4999980
 12.980 0.4999979
 12.990 0.4999978
 13.000 0.4999977
 13.010 0.4999976
 13.020 0.4999975
 13.030 0.4999974
 13.040 0.4999973
 13.050 0.4999972
 13.060 0.4999971
 13.070 0.4999970
 13.080 0.4999969
 13.090 0.4999968
 13.100 0.4999967
 13.110 0.4999965
 13.120 0.4999964
 13.130 0.4999963
 13.140 0.4999962
 13.150 0.4999961
 13.160 0.4999960
 13.170 0.4999959
 13.180 0.4999957
 13.190 0.4999956
 13.200 0.4999955
 13.210 0.4999954
 13.220 0.4999953
 13.230 0.4999951
 13.240 0.4999950
 13.250 0.4999949
 13.260 0.4999948
 13.270 0.4999946
 13.280 0.4999945
 13.290 0.4999944
 13.300 0.4999943
 13.310 0.4999941
 13.320 0.4999940
 13.330 0.4999939
 13.340 0.4999938
 13.350 0.4999936
 13.360 0.4999935
 13.370 0.4999934
 13.380 0.4999933
 13.390 0.4999931
 13.400 0.4999930
 13.410 0.4999929
 13.420 0.4999928
 13.430 0.4999927
 13.440 0.4999925
 13.450 0.4999924
 13.460 0.4999923
 13.470 0.4999922
 13.480 0.4999920
 13.490 0.4999919
 13.500 0.4999918
 13.510 0.4999917
 13.520 0.4999916
 13.530 0.4999915
 13.540 0.4999913
 13.550 0.4999912
 13.560 0.4999911
 13.570 0.4999910
 13.580 0.4999909
 13.590 0.4999908
 13.600 0.4999907
 13.610 0.4999906
 13.620 0.4999904
 13.630 0.4999903
 13.640 0.4999902
 13.650 0.4999901
 13.660 0.4999900
 13.670 0.4999899
 13.680 0.4999898
 13.690 0.4999897
 13.700 0.4999896
 13.710 0.4999896
 13.720 0.4999895
 13.730 0.4999894
 13.740 0.4999893
 13.750 0.4999892
 13.760 0.4999891
 13.770 0.4999890
 13.780 0.4999889
 13.790 0.4999889
 13.800 0.4999888
 13.810 0.4999887
 13.820 0.4999886
 13.830 0.4999886
 13.840 0.4999885
 13.850 0.4999884
 13.860 0.4999884
 13.870 0.4999883
 13.880 0.4999882
 13.890 0.4999882
 13.900 0.4999881
 13.910 0.4999881
 13.920 0.4999880
 13.930 0.4999880
 13.940 0.4999879
 13.950 0.4999879
 13.960 0.4999878
 13.970 0.4999878
 13.980 0.4999878
 13.990 0.4999877
 14.000 0.4999877
 14.010 0.4999877
 14.020 0.4999876
 14.030 0.4999876
 14.040 0.4999876
 14.050 0.4999876
 14.060 0.4999876
 14.070 0.4999875
 14.080 0.4999875
 14.090 0.4999875
 14.100 0.4999875
 14.110 0.4999875
 14.120 0.4999875
 14.130 0.4999875
 14.140 0.4999875
 14.150 0.4999875
 14.160 0.4999875
 14.170 0.4999875
 14.180 0.4999875
 14.190 0.4999875
 14.200 0.4999876
 14.210 0.4999876
 14.220 0.4999876
 14.230 0.4999876
 14.240 0.4999877
 14.250 0.4999877
 14.260 0.4999877
 14.270 0.4999878
 14.280 0.4999878
 14.290 0.4999878
 14.300 0.4999879
 14.310 0.4999879
 14.320 0.4999880
 14.330 0.4999880
 14.340 0.4999881
 14.350 0.4999881
 14.360 0.4999882
 14.370 0.4999882
 14.380 0.4999883
 14.390 0.4999883
 14.400 0.4999884
 14.410 0.4999885
 14.420 0.4999885
 14.430 0.4999886
 14.440 0.4999887
 14.450 0.4999888
 14.460 0.4999888
 14.470 0.4999889
 14.480 0.4999890
 14.490 0.4999891
 14.500 0.4999892
 14.510 0.4999892
 14.520 0.4999893
 14.530 0.4999894
 14.540 0.4999895
 14.550 0.4999896
 14.560 0.4999897
 14.570 0.4999898
 14.580 0.4999899
 14.590 0.4999900
 14.600 0.4999901
 14.610 0.4999902
 14.620 0.4999903
 14.630 0.4999904
 14.640 0.4999905
 14.650 0.4999906
 14.660 0.4999907
 14.670 0.4999908
 14.680 0.4999909
 14.690 0.4999911
 14.700 0.4999912
 14.710 0.4999913
 14.720 0.4999914
 14.730 0.4999915
 14.740 0.4999916
 14.750 0.4999918
 14.760 0.4999919
 14.770 0.4999920
 14.780 0.4999921
 14.790 0.4999922
 14.800 0.4999924
 14.810 0.4999925
 14.820 0.4999926
 14.830 0.4999927
 14.840 0.4999928
 14.850 0.4999930
 14.860 0.4999931
 14.870 0.4999932
 14.880 0.4999933
 14.890 0.4999935
 14.900 0.4999936
 14.910 0.4999937
 14.920 0.4999938
 14.930 0.4999940
 14.940 0.4999941
 14.950 0.4999942
 14.960 0.4999943
 14.970 0.4999945
 14.980 0.4999946
 14.990 0.4999947
 15.000 0.4999948
 15.010 0.4999950
 15.020 0.4999951
 15.030 0.4999952
 15.040 0.4999953
 15.050 0.4999954
 15.060 0.4999956
 15.070 0.4999957
 15.080 0.4999958
 15.090 0.4999959
 15.100 0.4999960
 15.110 0.4999962
 15.120 0.4999963
 15.130 0.4999964
 15.140 0.4999965
 15.150 0.4999966
 15.160 0.4999967
 15.170 0.4999968
 15.180 0.4999969
 15.190 0.4999970
 15.200 0.4999971
 15.210 0.4999973
 15.220 0.4999974
 15.230 0.4999975
 15.240 0.4999976
 15.250 0.4999977
 15.260 0.4999978
 15.270 0.4999978
 15.280 0.4999979
 15.290 0.4999980
 15.300 0.4999981
 15.310 0.4999982
 15.320 0.4999983
 15.330 0.4999984
 15.340 0.4999985
 15.350 0.4999985
 15.360 0.4999986
 15.370 0.4999987
 15.380 0.4999988
 15.390 0.4999989
 15.400 0.4999989
 15.410 0.4999990
 15.420 0.4999991
 15.430 0.4999991
 15.440 0.4999992
 15.450 0.4999992
 15.460 0.4999993
 15.470 0.4999994
 15.480 0.4999994
 15.490 0.4999995
 15.500 0.4999995
 15.510 0.4999996
 15.520 0.4999996
 15.530 0.4999997
 15.540 0.4999997
 15.550 0.4999997
 15.560 0.4999998
 15.570 0.4999998
 15.580 0.4999998
 15.590 0.4999999
 15.600 0.4999999
 15.610 0.4999999
 15.620 0.4999999
 15.630 0.4999999
 15.640 0.5000000
 15.650 0.5000000
 15.660 0.5000000
 15.670 0.5000000
 15.680 0.5000000
 15.690 0.5000000
 15.700 0.5000000
 15.710 0.5000000
 15.720 0.5000000
 15.730 0.5000000
 15.740 0.5000000
 15.750 0.5000000
 15.760 0.5000000
 15.770 0.4999999
 15.780 0.4999999
 15.790 0.4999999
 15.800 0.4999999
 15.810 0.4999998
 15.820 0.4999998
 15.830 0.4999998
 15.840 0.4999997
 15.850 0.4999997
 15.860 0.4999997
 15.870 0.4999996
 15.880 0.4999996
 15.890 0.4999995
 15.900 0.4999995
 15.910 0.4999994
 15.920 0.4999994
 15.930 0.4999993
 15.940 0.4999993
 15.950 0.4999992
 15.960 0.4999992
 15.970 0.4999991
 15.980 0.4999990
 15.990 0.4999990
 16.000 0.4999989
 16.010 0.4999988
 16.020 0.4999987
 16.030 0.4999987
 16.040 0.4999986
 16.050 0.4999985
 16.060 0.4999984
 16.070 0.4999983
 16.080 0.4999983
 16.090 0.4999982
 16.100 0.4999981
 16.110 0.4999980
 16.120 0.4999979
 16.130 0.4999978
 16.140 0.4999977
 16.150 0.4999976
 16.160 0.4999975
 16.170 0.4999974
 16.180 0.4999973
 16.190 0.4999972
 16.200 0.4999971
 16.210 0.4999970
 16.220 0.4999969
 16.230 0.4999968
 16.240 0.4999967
 16.250 0.4999966
 16.260 0.4999964
 16.270 0.4999963
 16.280 0.4999962
 16.290 0.4999961
 16.300 0.4999960
 16.310 0.4999959
 16.320 0.4999958
 16.330 0.4999956
 16.340 0.4999955
 16.350 0.4999954
 16.360 0.4999953
 16.370 0.4999952
 16.380 0.4999950
 16.390 0.4999949
 16.400 0.4999948
 16.410 0.4999947
 16.420 0.4999945
 16.430 0.4999944
 16.440 0.4999943
 16.450 0.4999942
 16.460 0.4999940
 16.470 0.4999939
 16.480 0.4999938
 16.490 0.4999937
 16.500 0.4999935
 16.510 0.4999934
 16.520 0.4999933
 16.530 0.4999932
 16.540 0.4999930
 16.550 0.4999929
 16.560 0.4999928
 16.570 0.4999927
 16.580 0.4999925
 16.590 0.4999924
 16.600 0.4999923
 16.610 0.4999922
 16.620 0.4999921
 16.630 0.4999919
 16.640 0.4999918
 16.650 0.4999917
 16.660 0.4999916
 16.670 0.4999915
 16.680 0.4999914
 16.690 0.4999912
 16.700 0.4999911
 16.710 0.4999910
 16.720 0.4999909
 16.730 0.4999908
 16.740 0.4999907
 16.750 0.4999906
 16.760 0.4999905
 16.770 0.4999904
 16.780 0.4999903
 16.790 0.4999902
 16.800 0.4999901
 16.810 0.4999900
 16.820 0.4999899
 16.830 0.4999898
 16.840 0.4999897
 16.850 0.4999896
 16.860 0.4999895
 16.870 0.4999894
 16.880 0.4999893
 16.890 0.4999892
 16.900 0.4999891
 16.910 0.4999890
 16.920 0.4999890
 16.930 0.4999889
 16.940 0.4999888
 16.950 0.4999887
 16.960 0.4999887
 16.970 0.4999886
 16.980 0.4999885
 16.990 0.4999884
 17.000 0.4999884
 17.010 0.4999883
 17.020 0.4999883
 17.030 0.4999882
 17.040 0.4999881
 17.050 0.4999881
 17.060 0.4999880
 17.070 0.4999880
 17.080 0.4999879
 17.090 0.4999879
 17.100 0.4999879
 17.110 0.4999878
 17.120 0.4999878
 17.130 0.4999877
 17.140 0.4999877
 17.150 0.4999877
 17.160 0.4999876
 17.170 0.4999876
 17.180 0.4999876
 17.190 0.4999876
 17.200 0.4999876
 17.210 0.4999875
 17.220 0.4999875
 17.230 0.4999875
 17.240 0.4999875
 17.250 0.4999875
 17.260 0.4999875
 17.270 0.4999875
 17.280 0.4999875
 17.290 0.4999875
 17.300 0.4999875
 17.310 0.4999875
 17.320 0.4999875
 17.330 0.4999875
 17.340 0.4999876
 17.350 0.4999876
 17.360 0.4999876
 17.370 0.4999876
 17.380 0.4999877
 17.390 0.4999877
 17.400 0.4999877
 17.410 0.4999877
 17.420 0.4999878
 17.430 0.4999878
 17.440 0.4999879
 17.450 0.4999879
 17.460 0.4999880
 17.470 0.4999880
 17.480 0.4999880
 17.490 0.4999881
 17.500 0.4999882
 17.510 0.4999882
 17.520 0.4999883
 17.530 0.4999883
 17.540 0.4999884
 17.550 0.4999885
 17.560 0.4999885
 17.570 0.4999886
 17.580 0.4999887
 17.590 0.4999887
 17.600 0.4999888
 17.610 0.4999889
 17.620 0.4999890
 17.630 0.4999891
 17.640 0.4999891
 17.650 0.4999892
 17.660 0.4999893
 17.670 0.4999894
 17.680 0.4999895
 17.690 0.4999896
 17.700 0.4999897
 17.710 0.4999898
 17.720 0.4999899
 17.730 0.4999900
 17.740 0.4999901
 17.750 0.4999902
 17.760 0.4999903
 17.770 0.4999904
 17.780 0.4999905
 17.790 0.4999906
 17.800 0.4999907
 17.810 0.4999908
 17.820 0.4999909
 17.830 0.4999910
 17.840 0.4999912
 17.850 0.4999913
 17.860 0.4999914
 17.870 0.4999915
 17.880 0.4999916
 17.890 0.4999917
 17.900 0.4999919
 17.910 0.4999920
 17.920 0.4999921
 17.930 0.4999922
 17.940 0.4999923
 17.950 0.4999925
 17.960 0.4999926
 17.970 0.4999927
 17.980 0.4999928
 17.990 0.4999930
 18.000 0.4999931
 18.010 0.4999932
 18.020 0.4999933
 18.030 0.4999934
 18.040 0.4999936
 18.050 0.4999937
 18.060 0.4999938
 18.070 0.4999939
 18.080 0.4999941
 18.090 0.4999942
 18.100 0.4999943
 18.110 0.4999944
 18.120 0.4999946
 18.130 0.4999947
 18.140 0.4999948
 18.150 0.4999949
 18.160 0.4999951
 18.170 0.4999952
 18.180 0.4999953
 18.190 0.4999954
 18.200 0.4999955
 18.210 0.4999957
 18.220 0.4999958
 18.230 0.4999959
 18.240 0.4999960
 18.250 0.4999961
 18.260 0.4999963
 18.270 0.4999964
 18.280 0.4999965
 18.290 0.4999966
 18.300 0.4999967
 18.310 0.4999968
 18.320 0.4999969
 18.330 0.4999970
 18.340 0.4999971
 18.350 0.4999972
 18.360 0.4999973
 18.370 0.4999974
 18.380 0.4999975
 18.390 0.4999976
 18.400 0.4999977
 18.410 0.4999978
 18.420 0.4999979
 18.430 0.4999980
 18.440 0.4999981
 18.450 0.4999982
 18.460 0.4999983
 18.470 0.4999984
 18.480 0.4999985
 18.490 0.4999985
 18.500 0.4999986
 18.510 0.4999987
 18.520 0.4999988
 18.530 0.4999988
 18.540 0.4999989
 18.550 0.4999990
 18.560 0.4999990
 18.570 0.4999991
 18.580 0.4999992
 18.590 0.4999992
 18.600 0.4999993
 18.610 0.4999994
 18.620 0.4999994
 18.630 0.4999995
 18.640 0.4999995
 18.650 0.4999996
 18.660 0.4999996
 18.670 0.4999996
 18.680 0.4999997
 18.690 0.4999997
 18.700 0.4999998
 18.710 0.4999998
 18.720 0.4999998
 18.730 0.4999999
 18.740 0.4999999
 18.750 0.4999999
 18.760 0.4999999
 18.770 0.4999999
 18.780 0.5000000
 18.790 0.5000000
 18.800 0.5000000
 18.810 0.5000000
 18.820 0.5000000
 18.830 0.5000000
 18.840 0.5000000
 18.850 0.5000000
 18.860 0.5000000
 18.870 0.5000000
 18.880 0.5000000
 18.890 0.5000000
 18.900 0.5000000
 18.910 0.4999999
 18.920 0.4999999
 18.930 0.4999999
 18.940 0.4999999
 18.950 0.4999998
 18.960 0.4999998
 18.970 0.4999998
 18.980 0.4999998
 18.990 0.4999997
 19.000 0.4999997
 19.010 0.4999996
 19.020 0.4999996
 19.030 0.4999996
 19.040 0.4999995
 19.050 0.4999995
 19.060 0.4999994
 19.070 0.4999993
 19.080 0.4999993
 19.090 0.4999992
 19.100 0.4999992
 19.110 0.4999991
 19.120 0.4999990
 19.130 0.4999990
 19.140 0.4999989
 19.150 0.4999988
 19.160 0.4999988
 19.170 0.4999987
 19.180 0.4999986
 19.190 0.4999985
 19.200 0.4999984
 19.210 0.4999984
 19.220 0.4999983
 19.230 0.4999982
 19.240 0.4999981
 19.250 0.4999980
 19.260 0.4999979
 19.270 0.4999978
 19.280 0.4999977
 19.290 0.4999976
 19.300 0.4999975
 19.310 0.4999974
 19.320 0.4999973
 19.330 0.4999972
 19.340 0.4999971
 19.350 0.4999970
 19.360 0.4999969
 19.370 0.4999968
 19.380 0.4999967
 19.390 0.4999966
 19.400 0.4999965
 19.410 0.4999964
 19.420 0.4999962
 19.430 0.4999961
 19.440 0.4999960
 19.450 0.4999959
 19.460 0.4999958
 19.470 0.4999957
 19.480 0.4999955
 19.490 0.4999954
 19.500 0.4999953
 19.510 0.4999952
 19.520 0.4999951
 19.530 0.4999949
 19.540 0.4999948
 19.550 0.4999947
 19.560 0.4999946
 19.570 0.4999944
 19.580 0.4999943
 19.590 0.4999942
 19.600 0.4999941
 19.610 0.4999939
 19.620 0.4999938
 19.630 0.4999937
 19.640 0.4999936
 19.650 0.4999934
 19.660 0.4999933
 19.670 0.4999932
 19.680 0.4999931
 19.690 0.4999929
 19.700 0.4999928
 19.710 0.4999927
 19.720 0.4999926
 19.730 0.4999924
 19.740 0.4999923
 19.750 0.4999922
 19.760 0.4999921
 19.770 0.4999920
 19.780 0.4999918
 19.790 0.4999917
 19.800 0.4999916
 19.810 0.4999915
 19.820 0.4999914
 19.830 0.4999913
 19.840 0.4999911
 19.850 0.4999910
 19.860 0.4999909
 19.870 0.4999908
 19.880 0.4999907
 19.890 0.4999906
 19.900 0.4999905
 19.910 0.4999904
 19.920 0.4999903
 19.930 0.4999902
 19.940 0.4999901
 19.950 0.4999900
 19.960 0.4999899
 19.970 0.4999898
 19.980 0.4999897
 19.990 0.4999896
 20.000 0.4999895
 20.010 0.4999894
 20.020 0.4999893
 20.030 0.4999892
 20.040 0.4999891
 20.050 0.4999891
 20.060 0.4999890
 20.070 0.4999889
 20.080 0.4999888
 20.090 0.4999887
 20.100 0.4999887
 20.110 0.4999886
 20.120 0.4999885
 20.130 0.4999885
 20.140 0.4999884
 20.150 0.4999883
 20.160 0.4999883
 20.170 0.4999882
 20.180 0.4999882
 20.190 0.4999881
 20.200 0.4999880
 20.210 0.4999880
 20.220 0.4999879
 20.230 0.4999879
 20.240 0.4999879
 20.250 0.4999878
 20.260 0.4999878
 20.270 0.4999877
 20.280 0.4999877
 20.290 0.4999877
 20.300 0.4999877
 20.310 0.4999876
 20.320 0.4999876
 20.330 0.4999876
 20.340 0.4999876
 20.350 0.4999875
 20.360 0.4999875
 20.370 0.4999875
 20.380 0.4999875
 20.390 0.4999875
 20.400 0.4999875
 20.410 0.4999875
 20.420 0.4999875
 20.430 0.4999875
 20.440 0.4999875
 20.450 0.4999875
 20.460 0.4999875
 20.470 0.4999875
 20.480 0.4999876
 20.490 0.4999876
 20.500 0.4999876
 20.510 0.4999876
 20.520 0.4999876
 20.530 0.4999877
 20.540 0.4999877
 20.550 0.4999877
 20.560 0.4999878
 20.570 0.4999878
 20.580 0.4999879
 20.590 0.4999879
 20.600 0.4999879
 20.610 0.4999880
 20.620 0.4999880
 20.630 0.4999881
 20.640 0.4999881
 20.650 0.4999882
 20.660 0.4999883
 20.670 0.4999883
 20.680 0.4999884
 20.690 0.4999885
 20.700 0.4999885
 20.710 0.4999886
 20.720 0.4999887
 20.730 0.4999887
 20.740 0.4999888
 20.750 0.4999889
 20.760 0.4999890
 20.770 0.4999890
 20.780 0.4999891
 20.790 0.4999892
 20.800 0.4999893
 20.810 0.4999894
 20.820 0.4999895
 20.830 0.4999896
 20.840 0.4999897
 20.850 0.4999898
 20.860 0.4999899
 20.870 0.4999900
 20.880 0.4999901
 20.890 0.4999902
 20.900 0.4999903
 20.910 0.4999904
 20.920 0.4999905
 20.930 0.4999906
 20.940 0.4999907
 20.950 0.4999908
 20.960 0.4999909
 20.970 0.4999910
 20.980 0.4999911
 20.990 0.4999913
 21.000 0.4999914
 21.010 0.4999915
 21.020 0.4999916
 21.030 0.4999917
 21.040 0.4999918
 21.050 0.4999920
 21.060 0.4999921
 21.070 0.4999922
 21.080 0.4999923
 21.090 0.4999924
 21.100 0.4999926
 21.110 0.4999927
 21.120 0.4999928
 21.130 0.4999929
 21.140 0.4999931
 21.150 0.4999932
 21.160 0.4999933
 21.170 0.4999934
 21.180 0.4999936
 21.190 0.4999937
 21.200 0.4999938
 21.210 0.4999939
 21.220 0.4999941
 21.230 0.4999942
 21.240 0.4999943
 21.250 0.4999944
 21.260 0.4999946
 21.270 0.4999947
 21.280 0.4999948
 21.290 0.4999949
 21.300 0.4999950
 21.310 0.4999952
 21.320 0.4999953
 21.330 0.4999954
 21.340 0.4999955
 21.350 0.4999956
 21.360 0.4999958
 21.370 0.4999959
 21.380 0.4999960
 21.390 0.4999961
 21.400 0.4999962
 21.410 0.4999963
 21.420 0.4999965
 21.430 0.4999966
 21.440 0.4999967
 21.450 0.4999968
 21.460 0.4999969
 21.470 0.4999970
 21.480 0.4999971
 21.490 0.4999972
 21.500 0.4999973
 21.510 0.4999974
 21.520 0.4999975
 21.530 0.4999976
 21.540 0.4999977
 21.550 0.4999978
 21.560 0.4999979
 21.570 0.4999980
 21.580 0.4999981
 21.590 0.4999982
 21.600 0.4999983
 21.610 0.4999984
 21.620 0.4999984
 21.630 0.4999985
 21.640 0.4999986
 21.650 0.4999987
 21.660 0.4999988
 21.670 0.4999988
 21.680 0.4999989
 21.690 0.4999990
 21.700 0.4999990
 21.710 0.4999991
 21.720 0.4999992
 21.730 0.4999992
 21.740 0.4999993
 21.750 0.4999993
 21.760 0.4999994
 21.770 0.4999995
 21.780 0.4999995
 21.790 0.4999995
 21.800 0.4999996
 21.810 0.4999996
 21.820 0.4999997
 21.830 0.4999997
 21.840 0.4999998
 21.850 0.4999998
 21.860 0.4999998
 21.870 0.4999998
 21.880 0.4999999
 21.890 0.4999999
 21.900 0.4999999
 21.910 0.4999999
 21.920 0.5000000
 21.930 0.5000000
 21.940 0.5000000
 21.950 0.5000000
 21.960 0.5000000
 21.970 0.5000000
 21.980 0.5000000
 21.990 0.5000000
 22.000 0.5000000
 22.010 0.5000000
 22.020 0.5000000
 22.030 0.5000000
 22.040 0.5000000
 22.050 0.4999999
 22.060 0.4999999
 22.070 0.4999999
 22.080 0.4999999
 22.090 0.4999999
 22.100 0.4999998
 22.110 0.4999998
 22.120 0.4999998
 22.130 0.4999997
 22.140 0.4999997
 22.150 0.4999996
 22.160 0.4999996
 22.170 0.4999996
 22.180 0.4999995
 22.190 0.4999995
 22.200 0.4999994
 22.210 0.4999994
 22.220 0.4999993
 22.230 0.4999992
 22.240 0.4999992
 22.250 0.4999991
 22.260 0.4999991
 22.270 0.4999990
 22.280 0.4999989
 22.290 0.4999988
 22.300 0.4999988
 22.310 0.4999987
 22.320 0.4999986
 22.330 0.4999985
 22.340 0.4999985
 22.350 0.4999984
 22.360 0.4999983
 22.370 0.4999982
 22.380 0.4999981
 22.390 0.4999980
 22.400 0.4999979
 22.410 0.4999978
 22.420 0.4999977
 22.430 0.4999976
 22.440 0.4999975
 22.450 0.4999974
 22.460 0.4999973
 22.470 0.4999972
 22.480 0.4999971
 22.490 0.4999970
 22.500 0.4999969
 22.510 0.4999968
 22.520 0.4999967
 22.530 0.4999966
 22.540 0.4999965
 22.550 0.4999964
 22.560 0.4999963
 22.570 0.4999961
 22.580 0.4999960
 22.590 0.4999959
 22.600 0.4999958
 22.610 0.4999957
 22.620 0.4999956
 22.630 0.4999954
 22.640 0.4999953
 22.650 0.4999952
 22.660 0.4999951
 22.670 0.4999949
 22.680 0.4999948
 22.690 0.4999947
 22.700 0.4999946
 22.710 0.4999945
 22.720 0.4999943
 22.730 0.4999942
 22.740 0.4999941
 22.750 0.4999940
 22.760 0.4999938
 22.770 0.4999937
 22.780 0.4999936
 22.790 0.4999935
 22.800 0.4999933
 22.810 0.4999932
 22.820 0.4999931
 22.830 0.4999930
 22.840 0.4999928
 22.850 0.4999927
 22.860 0.4999926
 22.870 0.4999925
 22.880 0.4999923
 22.890 0.4999922
 22.900 0.4999921
 22.910 0.4999920
 22.920 0.4999919
 22.930 0.4999917
 22.940 0.4999916
 22.950 0.4999915
 22.960 0.4999914
 22.970 0.4999913
 22.980 0.4999912
 22.990 0.4999910
 23.000 0.4999909
 23.010 0.4999908
 23.020 0.4999907
 23.030 0.4999906
 23.040 0.4999905
 23.050 0.4999904
 23.060 0.4999903
 23.070 0.4999902
 23.080 0.4999901
 23.090 0.4999900
 23.100 0.4999899
 23.110 0.4999898
 23.120 0.4999897
 23.130 0.4999896
 23.140 0.4999895
 23.150 0.4999894
 23.160 0.4999893
 23.170 0.4999892
 23.180 0.4999892
 23.190 0.4999891
 23.200 0.4999890
 23.210 0.4999889
 23.220 0.4999888
 23.230 0.4999888
 23.240 0.4999887
 23.250 0.4999886
 23.260 0.4999885
 23.270 0.4999885
 23.280 0.4999884
 23.290 0.4999883
 23.300 0.4999883
 23.310 0.4999882
 23.320 0.4999882
 23.330 0.4999881
 23.340 0.4999881
 23.350 0.4999880
 23.360 0.4999880
 23.370 0.4999879
 23.380 0.4999879
 23.390 0.4999878
 23.400 0.4999878
 23.410 0.4999877
 23.420 0.4999877
 23.430 0.4999877
 23.440 0.4999877
 23.450 0.4999876
 23.460 0.4999876
 23.470 0.4999876
 23.480 0.4999876
 23.490 0.4999875
 23.500 0.4999875
 23.510 0.4999875
 23.520 0.4999875
 23.530 0.4999875
 23.540 0.4999875
 23.550 0.4999875
 23.560 0.4999875
 23.570 0.4999875
 23.580 0.4999875
 23.590 0.4999875
 23.600 0.4999875
 23.610 0.4999875
 23.620 0.4999876
 23.630 0.4999876
 23.640 0.4999876
 23.650 0.4999876
 23.660 0.4999876
 23.670 0.4999877
 23.680 0.4999877
 23.690 0.4999877
 23.700 0.4999878
 23.710 0.4999878
 23.720 0.4999879
 23.730 0.4999879
 23.740 0.4999879
 23.750 0.4999880
 23.760 0.4999880
 23.770 0.4999881
 23.780 0.4999881
 23.790 0.4999882
 23.800 0.4999883
 23.810 0.4999883
 23.820 0.4999884
 23.830 0.4999884
 23.840 0.4999885
 23.850 0.4999886
 23.860 0.4999886
 23.870 0.4999887
 23.880 0.4999888
 23.890 0.4999889
 23.900 0.4999890
 23.910 0.4999890
 23.920 0.4999891
 23.930 0.4999892
 23.940 0.4999893
 23.950 0.4999894
 23.960 0.4999895
 23.970 0.4999896
 23.980 0.4999897
 23.990 0.4999898
 24.000 0.4999898
 24.010 0.4999899
 24.020 0.4999900
 24.030 0.4999901
 24.040 0.4999902
 24.050 0.4999904
 24.060 0.4999905
 24.070 0.4999906
 24.080 0.4999907
 24.090 0.4999908
 24.100 0.4999909
 24.110 0.4999910
 24.120 0.4999911
 24.130 0.4999912
 24.140 0.4999913
 24.150 0.4999915
 24.160 0.4999916
 24.170 0.4999917
 24.180 0.4999918
 24.190 0.4999919
 24.200 0.4999921
 24.210 0.4999922
 24.220 0.4999923
 24.230 0.4999924
 24.240 0.4999925
 24.250 0.4999927
 24.260 0.4999928
 24.270 0.4999929
 24.280 0.4999930
 24.290 0.4999932
 24.300 0.4999933
 24.310 0.4999934
 24.320 0.4999935
 24.330 0.4999937
 24.340 0.4999938
 24.350 0.4999939
 24.360 0.4999940
 24.370 0.4999942
 24.380 0.4999943
 24.390 0.4999944
 24.400 0.4999945
 24.410 0.4999947
 24.420 0.4999948
 24.430 0.4999949
 24.440 0.4999950
 24.450 0.4999951
 24.460 0.4999953
 24.470 0.4999954
 24.480 0.4999955
 24.490 0.4999956
 24.500 0.4999957
 24.510 0.4999959
 24.520 0.4999960
 24.530 0.4999961
 24.540 0.4999962
 24.550 0.4999963
 24.560 0.4999964
 24.570 0.4999966
 24.580 0.4999967
 24.590 0.4999968
 24.600 0.4999969
 24.610 0.4999970
 24.620 0.4999971
 24.630 0.4999972
 24.640 0.4999973
 24.650 0.4999974
 24.660 0.4999975
 24.670 0.4999976
 24.680 0.4999977
 24.690 0.4999978
 24.700 0.4999979
 24.710 0.4999980
 24.720 0.4999981
 24.730 0.4999982
 24.740 0.4999983
 24.750 0.4999983
 24.760 0.4999984
 24.770 0.4999985
 24.780 0.4999986
 24.790 0.4999987
 24.800 0.4999987
 24.810 0.4999988
 24.820 0.4999989
 24.830 0.4999990
 24.840 0.4999990
 24.850 0.4999991
 24.860 0.4999992
 24.870 0.4999992
 24.880 0.4999993
 24.890 0.4999993
 24.900 0.4999994
 24.910 0.4999994
 24.920 0.4999995
 24.930 0.4999995
 24.940 0.4999996
 24.950 0.4999996
 24.960 0.4999997
 24.970 0.4999997
 24.980 0.4999997
 24.990 0.4999998
 25.000 0.4999998
 25.010 0.4999998
 25.020 0.4999999
 25.030 0.4999999
 25.040 0.4999999
 25.050 0.4999999
 25.060 0.5000000
 25.070 0.5000000
 25.080 0.5000000
 25.090 0.5000000
 25.100 0.5000000
 25.110 0.5000000
 25.120 0.5000000
 25.130 0.5000000
 25.140 0.5000000
 25.150 0.5000000
 25.160 0.5000000
 25.170 0.5000000
 25.180 0.5000000
 25.190 0.4999999
 25.200 0.4999999
 25.210 0.4999999
 25.220 0.4999999
 25.230 0.4999999
 25.240 0.4999998
 25.250 0.4999998
 25.260 0.4999998
 25.270 0.4999997
 25.280 0.4999997
 25.290 0.4999997
 25.300 0.4999996
 25.310 0.4999996
 25.320 0.4999995
 25.330 0.4999995
 25.340 0.4999994
 25.350 0.4999994
 25.360 0.4999993
 25.370 0.4999993
 25.380 0.4999992
 25.390 0.4999991
 25.400 0.4999991
 25.410 0.4999990
 25.420 0.4999989
 25.430 0.4999989
 25.440 0.4999988
 25.450 0.4999987
 25.460 0.4999986
 25.470 0.4999986
 25.480 0.4999985
 25.490 0.4999984
 25.500 0.4999983
 25.510 0.4999982
 25.520 0.4999981
 25.530 0.4999980
 25.540 0.4999979
 25.550 0.4999979
 25.560 0.4999978
 25.570 0.4999977
 25.580 0.4999976
 25.590 0.4999975
 25.600 0.4999974
 25.610 0.4999973
 25.620 0.4999972
 25.630 0.4999970
 25.640 0.4999969
 25.650 0.4999968
 25.660 0.4999967
 25.670 0.4999966
 25.680 0.4999965
 25.690 0.4999964
 25.700 0.4999963
 25.710 0.4999962
 25.720 0.4999960
 25.730 0.4999959
 25.740 0.4999958
 25.750 0.4999957
 25.760 0.4999956
 25.770 0.4999955
 25.780 0.4999953
 25.790 0.4999952
 25.800 0.4999951
 25.810 0.4999950
 25.820 0.4999948
 25.830 0.4999947
 25.840 0.4999946
 25.850 0.4999945
 25.860 0.4999943
 25.870 0.4999942
 25.880 0.4999941
 25.890 0.4999940
 25.900 0.4999939
 25.910 0.4999937
 25.920 0.4999936
 25.930 0.4999935
 25.940 0.4999934
 25.950 0.4999932
 25.960 0.4999931
 25.970 0.4999930
 25.980 0.4999929
 25.990 0.4999927
 26.000 0.4999926
 26.010 0.4999925
 26.020 0.4999924
 26.030 0.4999922
 26.040 0.4999921
 26.050 0.4999920
 26.060 0.4999919
 26.070 0.4999918
 26.080 0.4999916
 26.090 0.4999915
 26.100 0.4999914
 26.110 0.4999913
 26.120 0.4999912
 26.130 0.4999911
 26.140 0.4999910
 26.150 0.4999908
 26.160 0.4999907
 26.170 0.4999906
 26.180 0.4999905
 26.190 0.4999904
 26.200 0.4999903
 26.210 0.4999902
 26.220 0.4999901
 26.230 0.4999900
 26.240 0.4999899
 26.250 0.4999898
 26.260 0.4999897
 26.270 0.4999896
 26.280 0.4999895
 26.290 0.4999894
 26.300 0.4999893
 26.310 0.4999892
 26.320 0.4999892
 26.330 0.4999891
 26.340 0.4999890
 26.350 0.4999889
 26.360 0.4999888
 26.370 0.4999888
 26.380 0.4999887
 26.390 0.4999886
 26.400 0.4999885
 26.410 0.4999885
 26.420 0.4999884
 26.430 0.4999883
 26.440 0.4999883
 26.450 0.4999882
 26.460 0.4999882
 26.470 0.4999881
 26.480 0.4999881
 26.490 0.4999880
 26.500 0.4999880
 26.510 0.4999879
 26.520 0.4999879
 26.530 0.4999878
 26.540 0.4999878
 26.550 0.4999878
 26.560 0.4999877
 26.570 0.4999877
 26.580 0.4999877
 26.590 0.4999876
 26.600 0.4999876
 26.610 0.4999876
 26.620 0.4999876
 26.630 0.4999876
 26.640 0.4999875
 26.650 0.4999875
 26.660 0.4999875
 26.670 0.4999875
 26.680 0.4999875
 26.690 0.4999875
 26.700 0.4999875
 26.710 0.4999875
 26.720 0.4999875
 26.730 0.4999875
 26.740 0.4999875
 26.750 0.4999875
 26.760 0.4999876
 26.770 0.4999876
 26.780 0.4999876
 26.790 0.4999876
 26.800 0.4999876
 26.810 0.4999877
 26.820 0.4999877
 26.830 0.4999877
 26.840 0.4999878
 26.850 0.4999878
 26.860 0.4999878
 26.870 0.4999879
 26.880 0.4999879
 26.890 0.4999880
 26.900 0.4999880
 26.910 0.4999881
 26.920 0.4999881
 26.930 0.4999882
 26.940 0.4999882
 26.950 0.4999883
 26.960 0.4999884
 26.970 0.4999884
 26.980 0.4999885
 26.990 0.4999886
 27.000 0.4999886
 27.010 0.4999887
 27.020 0.4999888
 27.030 0.4999889
 27.040 0.4999889
 27.050 0.4999890
 27.060 0.4999891
 27.070 0.4999892
 27.080 0.4999893
 27.090 0.4999894
 27.100 0.4999895
 27.110 0.4999895
 27.120 0.4999896
 27.130 0.4999897
 27.140 0.4999898
 27.150 0.4999899
 27.160 0.4999900
 27.170 0.4999901
 27.180 0.4999902
 27.190 0.4999903
 27.200 0.4999904
 27.210 0.4999905
 27.220 0.4999907
 27.230 0.4999908
 27.240 0.4999909
 27.250 0.4999910
 27.260 0.4999911
 27.270 0.4999912
 27.280 0.4999913
 27.290 0.4999914
 27.300 0.4999916
 27.310 0.4999917
 27.320 0.4999918
 27.330 0.4999919
 27.340 0.4999920
 27.350 0.4999922
 27.360 0.4999923
 27.370 0.4999924
 27.380 0.4999925
 27.390 0.4999926
 27.400 0.4999928
 27.410 0.4999929
 27.420 0.4999930
 27.430 0.4999931
 27.440 0.4999933
 27.450 0.4999934
 27.460 0.4999935
 27.470 0.4999936
 27.480 0.4999938
 27.490 0.4999939
 27.500 0.4999940
 27.510 0.4999941
 27.520 0.4999943
 27.530 0.4999944
 27.540 0.4999945
 27.550 0.4999946
 27.560 0.4999948
 27.570 0.4999949
 27.580 0.4999950
 27.590 0.4999951
 27.600 0.4999952
 27.610 0.4999954
 27.620 0.4999955
 27.630 0.4999956
 27.640 0.4999957
 27.650 0.4999958
 27.660 0.4999960
 27.670 0.4999961
 27.680 0.4999962
 27.690 0.4999963
 27.700 0.4999964
 27.710 0.4999965
 27.720 0.4999966
 27.730 0.4999968
 27.740 0.4999969
 27.750 0.4999970
 27.760 0.4999971
 27.770 0.4999972
 27.780 0.4999973
 27.790 0.4999974
 27.800 0.4999975
 27.810 0.4999976
 27.820 0.4999977
 27.830 0.4999978
 27.840 0.4999979
 27.850 0.4999980
 27.860 0.4999981
 27.870 0.4999982
 27.880 0.4999982
 27.890 0.4999983
 27.900 0.4999984
 27.910 0.4999985
 27.920 0.4999986
 27.930 0.4999987
 27.940 0.4999987
 27.950 0.4999988
 27.960 0.4999989
 27.970 0.4999989
 27.980 0.4999990
 27.990 0.4999991
 28.000 0.4999991
 28.010 0.4999992
 28.020 0.4999993
 28.030 0.4999993
 28.040 0.4999994
 28.050 0.4999994
 28.060 0.4999995
 28.070 0.4999995
 28.080 0.4999996
 28.090 0.4999996
 28.100 0.4999997
 28.110 0.4999997
 28.120 0.4999997
 28.130 0.4999998
 28.140 0.4999998
 28.150 0.4999998
 28.160 0.4999999
 28.170 0.4999999
 28.180 0.4999999
 28.190 0.4999999
 28.200 0.4999999
 28.210 0.5000000
 28.220 0.5000000
 28.230 0.5000000
 28.240 0.5000000
 28.250 0.5000000
 28.260 0.5000000
 28.270 0.5000000
 28.280 0.5000000
 28.290 0.5000000
 28.300 0.5000000
 28.310 0.5000000
 28.320 0.5000000
 28.330 0.4999999
 28.340 0.4999999
 28.350 0.4999999
 28.360 0.4999999
 28.370 0.4999999
 28.380 0.4999998
 28.390 0.4999998
 28.400 0.4999998
 28.410 0.4999997
 28.420 0.4999997
 28.430 0.4999997
 28.440 0.4999996
 28.450 0.4999996
 28.460 0.4999995
 28.470 0.4999995
 28.480 0.4999994
 28.490 0.4999994
 28.500 0.4999993
 28.510 0.4999993
 28.520 0.4999992
 28.530 0.4999991
 28.540 0.4999991
 28.550 0.4999990
 28.560 0.4999989
 28.570 0.4999989
 28.580 0.4999988
 28.590 0.4999987
 28.600 0.4999986
 28.610 0.4999986
 28.620 0.4999985
 28.630 0.4999984
 28.640 0.4999983
 28.650 0.4999982
 28.660 0.4999981
 28.670 0.4999981
 28.680 0.4999980
 28.690 0.4999979
 28.700 0.4999978
 28.710 0.4999977
 28.720 0.4999976
 28.730 0.4999975
 28.740 0.4999974
 28.750 0.4999973
 28.760 0.4999972
 28.770 0.4999971
 28.780 0.4999970
 28.790 0.4999969
 28.800 0.4999967
 28.810 0.4999966
 28.820 0.4999965
 28.830 0.4999964
 28.840 0.4999963
 28.850 0.4999962
 28.860 0.4999961
 28.870 0.4999959
 28.880 0.4999958
 28.890 0.4999957
 28.900 0.4999956
 28.910 0.4999955
 28.920 0.4999954
 28.930 0.4999952
 28.940 0.4999951
 28.950 0.4999950
 28.960 0.4999949
 28.970 0.4999947
 28.980 0.4999946
 28.990 0.4999945
 29.000 0.4999944
 29.010 0.4999942
 29.020 0.4999941
 29.030 0.4999940
 29.040 0.4999939
 29.050 0.4999937
 29.060 0.4999936
 29.070 0.4999935
 29.080 0.4999934
 29.090 0.4999932
 29.100 0.4999931
 29.110 0.4999930
 29.120 0.4999929
 29.130 0.4999927
 29.140 0.4999926
 29.150 0.4999925
 29.160 0.4999924
 29.170 0.4999923
 29.180 0.4999921
 29.190 0.4999920
 29.200 0.4999919
 29.210 0.4999918
 29.220 0.4999917
 29.230 0.4999915
 29.240 0.4999914
 29.250 0.4999913
 29.260 0.4999912
 29.270 0.4999911
 29.280 0.4999910
 29.290 0.4999909
 29.300 0.4999907
 29.310 0.4999906
 29.320 0.4999905
 29.330 0.4999904
 29.340 0.4999903
 29.350 0.4999902
 29.360 0.4999901
 29.370 0.4999900
 29.380 0.4999899
 29.390 0.4999898
 29.400 0.4999897
 29.410 0.4999896
 29.420 0.4999895
 29.430 0.4999894
 29.440 0.4999894
 29.450 0.4999893
 29.460 0.4999892
 29.470 0.4999891
 29.480 0.4999890
 29.490 0.4999889
 29.500 0.4999889
 29.510 0.4999888
 29.520 0.4999887
 29.530 0.4999886
 29.540 0.4999886
 29.550 0.4999885
 29.560 0.4999884
 29.570 0.4999884
 29.580 0.4999883
 29.590 0.4999882
 29.600 0.4999882
 29.610 0.4999881
 29.620 0.4999881
 29.630 0.4999880
 29.640 0.4999880
 29.650 0.4999879
 29.660 0.4999879
 29.670 0.4999878
 29.680 0.4999878
 29.690 0.4999878
 29.700 0.4999877
 29.710 0.4999877
 29.720 0.4999877
 29.730 0.4999876
 29.740 0.4999876
 29.750 0.4999876
 29.760 0.4999876
 29.770 0.4999876
 29.780 0.4999875
 29.790 0.4999875
 29.800 0.4999875
 29.810 0.4999875
 29.820 0.4999875
 29.830 0.4999875
 29.840 0.4999875
 29.850 0.4999875
 29.860 0.4999875
 29.870 0.4999875
 29.880 0.4999875
 29.890 0.4999875
 29.900 0.4999876
 29.910 0.4999876
 29.920 0.4999876
 29.930 0.4999876
 29.940 0.4999876
 29.950 0.4999877
 29.960 0.4999877
 29.970 0.4999877
 29.980 0.4999878
 29.990 0.4999878
 30.000 0.4999878
 30.010 0.4999879
 30.020 0.4999879
 30.030 0.4999880
 30.040 0.4999880
 30.050 0.4999881
 30.060 0.4999881
 30.070 0.4999882
 30.080 0.4999882
 30.090 0.4999883
 30.100 0.4999884
 30.110 0.4999884
 30.120 0.4999885
 30.130 0.4999886
 30.140 0.4999886
 30.150 0.4999887
 30.160 0.4999888
 30.170 0.4999889
 30.180 0.4999889
 30.190 0.4999890
 30.200 0.4999891
 30.210 0.4999892
 30.220 0.4999893
 30.230 0.4999894
 30.240 0.4999894
 30.250 0.4999895
 30.260 0.4999896
 30.270 0.4999897
 30.280 0.4999898
 30.290 0.4999899
 30.300 0.4999900
 30.310 0.4999901
 30.320 0.4999902
 30.330 0.4999903
 30.340 0.4999904
 30.350 0.4999905
 30.360 0.4999906
 30.370 0.4999907
 30.380 0.4999909
 30.390 0.4999910
 30.400 0.4999911
 30.410 0.4999912
 30.420 0.4999913
 30.430 0.4999914
 30.440 0.4999915
 30.450 0.4999917
 30.460 0.4999918
 30.470 0.4999919
 30.480 0.4999920
 30.490 0.4999921
 30.500 0.4999923
 30.510 0.4999924
 30.520 0.4999925
 30.530 0.4999926
 30.540 0.4999927
 30.550 0.4999929
 30.560 0.4999930
 30.570 0.4999931
 30.580 0.4999932
 30.590 0.4999934
 30.600 0.4999935
 30.610 0.4999936
 30.620 0.4999937
 30.630 0.4999939
 30.640 0.4999940
 30.650 0.4999941
 30.660 0.4999942
 30.670 0.4999944
 30.680 0.4999945
 30.690 0.4999946
 30.700 0.4999947
 30.710 0.4999949
 30.720 0.4999950
 30.730 0.4999951
 30.740 0.4999952
 30.750 0.4999954
 30.760 0.4999955
 30.770 0.4999956
 30.780 0.4999957
 30.790 0.4999958
 30.800 0.4999959
 30.810 0.4999961
 30.820 0.4999962
 30.830 0.4999963
 30.840 0.4999964
 30.850 0.4999965
 30.860 0.4999966
 30.870 0.4999967
 30.880 0.4999969
 30.890 0.4999970
 30.900 0.4999971
 30.910 0.4999972
 30.920 0.4999973
 30.930 0.4999974
 30.940 0.4999975
 30.950 0.4999976
 30.960 0.4999977
 30.970 0.4999978
 30.980 0.4999979
 30.990 0.4999980
 31.000 0.4999981
 31.010 0.4999981
 31.020 0.4999982
 31.030 0.4999983
 31.040 0.4999984
 31.050 0.4999985
 31.060 0.4999986
 31.070 0.4999986
 31.080 0.4999987
 31.090 0.4999988
 31.100 0.4999989
 31.110 0.4999989
 31.120 0.4999990
 31.130 0.4999991
 31.140 0.4999991
 31.150 0.4999992
 31.160 0.4999993
 31.170 0.4999993
 31.180 0.4999994
 31.190 0.4999994
 31.200 0.4999995
 31.210 0.4999995
 31.220 0.4999996
 31.230 0.4999996
 31.240 0.4999997
 31.250 0.4999997
 31.260 0.4999997
 31.270 0.4999998
 31.280 0.4999998
 31.290 0.4999998
 31.300 0.4999999
 31.310 0.4999999
 31.320 0.4999999
 31.330 0.4999999
 31.340 0.4999999
 31.350 0.5000000
 31.360 0.5000000
 31.370 0.5000000
 31.380 0.5000000
 31.390 0.5000000
 31.400 0.5000000
 31.410 0.5000000
 31.420 0.5000000
 31.430 0.5000000
 31.440 0.5000000
 31.450 0.5000000
 31.460 0.5000000
 31.470 0.4999999
 31.480 0.4999999
 31.490 0.4999999
 31.500 0.4999999
 31.510 0.4999999
 31.520 0.4999998
 31.530 0.4999998
 31.540 0.4999998
 31.550 0.4999997
 31.560 0.4999997
 31.570 0.4999997
 31.580 0.4999996
 31.590 0.4999996
 31.600 0.4999995
 31.610 0.4999995
 31.620 0.4999994
 31.630 0.4999994
 31.640 0.4999993
 31.650 0.4999993
 31.660 0.4999992
 31.670 0.4999991
 31.680 0.4999991
 31.690 0.4999990
 31.700 0.4999989
 31.710 0.4999989
 31.720 0.4999988
 31.730 0.4999987
 31.740 0.4999987
 31.750 0.4999986
 31.760 0.4999985
 31.770 0.4999984
 31.780 0.4999983
 31.790 0.4999982
 31.800 0.4999982
 31.810 0.4999981
 31.820 0.4999980
 31.830 0.4999979
 31.840 0.4999978
 31.850 0.4999977
 31.860 0.4999976
 31.870 0.4999975
 31.880 0.4999974
 31.890 0.4999973
 31.900 0.4999972
 31.910 0.4999971
 31.920 0.4999970
 31.930 0.4999969
 31.940 0.4999968
 31.950 0.4999966
 31.960 0.4999965
 31.970 0.4999964
 31.980 0.4999963
 31.990 0.4999962
 32.000 0.4999961
 32.010 0.4999960
 32.020 0.4999958
 32.030 0.4999957
 32.040 0.4999956
 32.050 0.4999955
 32.060 0.4999954
 32.070 0.4999953
 32.080 0.4999951
 32.090 0.4999950
 32.100 0.4999949
 32.110 0.4999948
 32.120 0.4999946
 32.130 0.4999945
 32.140 0.4999944
 32.150 0.4999943
 32.160 0.4999941
 32.170 0.4999940
 32.180 0.4999939
 32.190 0.4999938
 32.200 0.4999936
 32.210 0.4999935
 32.220 0.4999934
 32.230 0.4999933
 32.240 0.4999931
 32.250 0.4999930
 32.260 0.4999929
 32.270 0.4999928
 32.280 0.4999926
 32.290 0.4999925
 32.300 0.4999924
 32.310 0.4999923
 32.320 0.4999922
 32.330 0.4999920
 32.340 0.4999919
 32.350 0.4999918
 32.360 0.4999917
 32.370 0.4999916
 32.380 0.4999914
 32.390 0.4999913
 32.400 0.4999912
 32.410 0.4999911
 32.420 0.4999910
 32.430 0.4999909
 32.440 0.4999908
 32.450 0.4999907
 32.460 0.4999905
 32.470 0.4999904
 32.480 0.4999903
 32.490 0.4999902
 32.500 0.4999901
 32.510 0.4999900
 32.520 0.4999899
 32.530 0.4999898
 32.540 0.4999897
 32.550 0.4999896
 32.560 0.4999895
 32.570 0.4999895
 32.580 0.4999894
 32.590 0.4999893
 32.600 0.4999892
 32.610 0.4999891
 32.620 0.4999890
 32.630 0.4999889
 32.640 0.4999889
 32.650 0.4999888
 32.660 0.4999887
 32.670 0.4999886
 32.680 0.4999886
 32.690 0.4999885
 32.700 0.4999884
 32.710 0.4999884
 32.720 0.4999883
 32.730 0.4999882
 32.740 0.4999882
 32.750 0.4999881
 32.760 0.4999881
 32.770 0.4999880
 32.780 0.4999880
 32.790 0.4999879
 32.800 0.4999879
 32.810 0.4999878
 32.820 0.4999878
 32.830 0.4999878
 32.840 0.4999877
 32.850 0.4999877
 32.860 0.4999877
 32.870 0.4999876
 32.880 0.4999876
 32.890 0.4999876
 32.900 0.4999876
 32.910 0.4999876
 32.920 0.4999875
 32.930 0.4999875
 32.940 0.4999875
 32.950 0.4999875
 32.960 0.4999875
 32.970 0.4999875
 32.980 0.4999875
 32.990 0.4999875
 33.000 0.4999875
 33.010 0.4999875
 33.020 0.4999875
 33.030 0.4999875
 33.040 0.4999876
 33.050 0.4999876
 33.060 0.4999876
 33.070 0.4999876
 33.080 0.4999876
 33.090 0.4999877
 33.100 0.4999877
 33.110 0.4999877
 33.120 0.4999878
 33.130 0.4999878
 33.140 0.4999878
 33.150 0.4999879
 33.160 0.4999879
 33.170 0.4999880
 33.180 0.4999880
 33.190 0.4999881
 33.200 0.4999881
 33.210 0.4999882
 33.220 0.4999882
 33.230 0.4999883
 33.240 0.4999883
 33.250 0.4999884
 33.260 0.4999885
 33.270 0.4999885
 33.280 0.4999886
 33.290 0.4999887
 33.300 0.4999888
 33.310 0.4999888
 33.320 0.4999889
 33.330 0.4999890
 33.340 0.4999891
 33.350 0.4999892
 33.360 0.4999892
 33.370 0.4999893
 33.380 0.4999894
 33.390 0.4999895
 33.400 0.4999896
 33.410 0.4999897
 33.420 0.4999898
 33.430 0.4999899
 33.440 0.4999900
 33.450 0.4999901
 33.460 0.4999902
 33.470 0.4999903
 33.480 0.4999904
 33.490 0.4999905
 33.500 0.4999906
 33.510 0.4999907
 33.520 0.4999908
 33.530 0.4999910
 33.540 0.4999911
 33.550 0.4999912
 33.560 0.4999913
 33.570 0.4999914
 33.580 0.4999915
 33.590 0.4999916
 33.600 0.4999918
 33.610 0.4999919
 33.620 0.4999920
 33.630 0.4999921
 33.640 0.4999922
 33.650 0.4999924
 33.660 0.4999925
 33.670 0.4999926
 33.680 0.4999927
 33.690 0.4999929
 33.700 0.4999930
 33.710 0.4999931
 33.720 0.4999932
 33.730 0.4999934
 33.740 0.4999935
 33.750 0.4999936
 33.760 0.4999937
 33.770 0.4999939
 33.780 0.4999940
 33.790 0.4999941
 33.800 0.4999942
 33.810 0.4999943
 33.820 0.4999945
 33.830 0.4999946
 33.840 0.4999947
 33.850 0.4999948
 33.860 0.4999950
 33.870 0.4999951
 33.880 0.4999952
 33.890 0.4999953
 33.900 0.4999955
 33.910 0.4999956
 33.920 0.4999957
 33.930 0.4999958
 33.940 0.4999959
 33.950 0.4999960
 33.960 0.4999962
 33.970 0.4999963
 33.980 0.4999964
 33.990 0.4999965
 34.000 0.4999966
 34.010 0.4999967
 34.020 0.4999968
 34.030 0.4999969
 34.040 0.4999970
 34.050 0.4999972
 34.060 0.4999973
 34.070 0.4999974
 34.080 0.4999975
 34.090 0.4999976
 34.100 0.4999977
 34.110 0.4999978
 34.120 0.4999979
 34.130 0.4999979
 34.140 0.4999980
 34.150 0.4999981
 34.160 0.4999982
 34.170 0.4999983
 34.180 0.4999984
 34.190 0.4999985
 34.200 0.4999986
 34.210 0.4999986
 34.220 0.4999987
 34.230 0.4999988
 34.240 0.4999989
 34.250 0.4999989
 34.260 0.4999990
 34.270 0.4999991
 34.280 0.4999991
 34.290 0.4999992
 34.300 0.4999993
 34.310 0.4999993
 34.320 0.4999994
 34.330 0.4999994
 34.340 0.4999995
 34.350 0.4999995
 34.360 0.4999996
 34.370 0.4999996
 34.380 0.4999997
 34.390 0.4999997
 34.400 0.4999997
 34.410 0.4999998
 34.420 0.4999998
 34.430 0.4999998
 34.440 0.4999999
 34.450 0.4999999
 34.460 0.4999999
 34.470 0.4999999
 34.480 0.4999999
 34.490 0.5000000
 34.500 0.5000000
 34.510 0.5000000
 34.520 0.5000000
 34.530 0.5000000
 34.540 0.5000000
 34.550 0.5000000
 34.560 0.5000000
 34.570 0.5000000
 34.580 0.5000000
 34.590 0.5000000
 34.600 0.5000000
 34.610 0.5000000
 34.620 0.4999999
 34.630 0.4999999
 34.640 0.4999999
 34.650 0.4999999
 34.660 0.4999998
 34.670 0.4999998
 34.680 0.4999998
 34.690 0.4999997
 34.700 0.4999997
 34.710 0.4999997
 34.720 0.4999996
 34.730 0.4999996
 34.740 0.4999995
 34.750 0.4999995
 34.760 0.4999994
 34.770 0.4999994
 34.780 0.4999993
 34.790 0.4999993
 34.800 0.4999992
 34.810 0.4999992
 34.820 0.4999991
 34.830 0.4999990
 34.840 0.4999990
 34.850 0.4999989
 34.860 0.4999988
 34.870 0.4999987
 34.880 0.4999987
 34.890 0.4999986
 34.900 0.4999985
 34.910 0.4999984
 34.920 0.4999983
 34.930 0.4999983
 34.940 0.4999982
 34.950 0.4999981
 34.960 0.4999980
 34.970 0.4999979
 34.980 0.4999978
 34.990 0.4999977
 35.000 0.4999976
 35.010 0.4999975
 35.020 0.4999974
 35.030 0.4999973
 35.040 0.4999972
 35.050 0.4999971
 35.060 0.4999970
 35.070 0.4999969
 35.080 0.4999968
 35.090 0.4999967
 35.100 0.4999966
 35.110 0.4999964
 35.120 0.4999963
 35.130 0.4999962
 35.140 0.4999961
 35.150 0.4999960
 35.160 0.4999959
 35.170 0.4999957
 35.180 0.4999956
 35.190 0.4999955
 35.200 0.4999954
 35.210 0.4999953
 35.220 0.4999951
 35.230 0.4999950
 35.240 0.4999949
 35.250 0.4999948
 35.260 0.4999947
 35.270 0.4999945
 35.280 0.4999944
 35.290 0.4999943
 35.300 0.4999942
 35.310 0.4999940
 35.320 0.4999939
 35.330 0.4999938
 35.340 0.4999937
 35.350 0.4999935
 35.360 0.4999934
 35.370 0.4999933
 35.380 0.4999932
 35.390 0.4999930
 35.400 0.4999929
 35.410 0.4999928
 35.420 0.4999927
 35.430 0.4999925
 35.440 0.4999924
 35.450 0.4999923
 35.460 0.4999922
 35.470 0.4999921
 35.480 0.4999919
 35.490 0.4999918
 35.500 0.4999917
 35.510 0.4999916
 35.520 0.4999915
 35.530 0.4999913
 35.540 0.4999912
 35.550 0.4999911
 35.560 0.4999910
 35.570 0.4999909
 35.580 0.4999908
 35.590 0.4999907
 35.600 0.4999906
 35.610 0.4999905
 35.620 0.4999904
 35.630 0.4999902
 35.640 0.4999901
 35.650 0.4999900
 35.660 0.4999899
 35.670 0.4999898
 35.680 0.4999898
 35.690 0.4999897
 35.700 0.4999896
 35.710 0.4999895
 35.720 0.4999894
 35.730 0.4999893
 35.740 0.4999892
 35.750 0.4999891
 35.760 0.4999890
 35.770 0.4999890
 35.780 0.4999889
 35.790 0.4999888
 35.800 0.4999887
 35.810 0.4999886
 35.820 0.4999886
 35.830 0.4999885
 35.840 0.4999884
 35.850 0.4999884
 35.860 0.4999883
 35.870 0.4999883
 35.880 0.4999882
 35.890 0.4999881
 35.900 0.4999881
 35.910 0.4999880
 35.920 0.4999880
 35.930 0.4999879
 35.940 0.4999879
 35.950 0.4999879
 35.960 0.4999878
 35.970 0.4999878
 35.980 0.4999877
 35.990 0.4999877
 36.000 0.4999877
 36.010 0.4999876
 36.020 0.4999876
 36.030 0.4999876
 36.040 0.4999876
 36.050 0.4999876
 36.060 0.4999875
 36.070 0.4999875
 36.080 0.4999875
 36.090 0.4999875
 36.100 0.4999875
 36.110 0.4999875
 36.120 0.4999875
 36.130 0.4999875
 36.140 0.4999875
 36.150 0.4999875
 36.160 0.4999875
 36.170 0.4999875
 36.180 0.4999875
 36.190 0.4999876
 36.200 0.4999876
 36.210 0.4999876
 36.220 0.4999876
 36.230 0.4999877
 36.240 0.4999877
 36.250 0.4999877
 36.260 0.4999877
 36.270 0.4999878
 36.280 0.4999878
 36.290 0.4999879
 36.300 0.4999879
 36.310 0.4999880
 36.320 0.4999880
 36.330 0.4999881
 36.340 0.4999881
 36.350 0.4999882
 36.360 0.4999882
 36.370 0.4999883
 36.380 0.4999883
 36.390 0.4999884
 36.400 0.4999885
 36.410 0.4999885
 36.420 0.4999886
 36.430 0.4999887
 36.440 0.4999888
 36.450 0.4999888
 36.460 0.4999889
 36.470 0.4999890
 36.480 0.4999891
 36.490 0.4999892
 36.500 0.4999892
 36.510 0.4999893
 36.520 0.4999894
 36.530 0.4999895
 36.540 0.4999896
 36.550 0.4999897
 36.560 0.4999898
 36.570 0.4999899
 36.580 0.4999900
 36.590 0.4999901
 36.600 0.4999902
 36.610 0.4999903
 36.620 0.4999904
 36.630 0.4999905
 36.640 0.4999906
 36.650 0.4999907
 36.660 0.4999908
 36.670 0.4999909
 36.680 0.4999910
 36.690 0.4999912
 36.700 0.4999913
 36.710 0.4999914
 36.720 0.4999915
 36.730 0.4999916
 36.740 0.4999917
 36.750 0.4999919
 36.760 0.4999920
 36.770 0.4999921
 36.780 0.4999922
 36.790 0.4999923
 36.800 0.4999925
 36.810 0.4999926
 36.820 0.4999927
 36.830 0.4999928
 36.840 0.4999930
 36.850 0.4999931
 36.860 0.4999932
 36.870 0.4999933
 36.880 0.4999935
 36.890 0.4999936
 36.900 0.4999937
 36.910 0.4999938
 36.920 0.4999940
 36.930 0.4999941
 36.940 0.4999942
 36.950 0.4999943
 36.960 0.4999945
 36.970 0.4999946
 36.980 0.4999947
 36.990 0.4999948
 37.000 0.4999949
 37.010 0.4999951
 37.020 0.4999952
 37.030 0.4999953
 37.040 0.4999954
 37.050 0.4999956
 37.060 0.4999957
 37.070 0.4999958
 37.080 0.4999959
 37.090 0.4999960
 37.100 0.4999961
 37.110 0.4999963
 37.120 0.4999964
 37.130 0.4999965
 37.140 0.4999966
 37.150 0.4999967
 37.160 0.4999968
 37.170 0.4999969
 37.180 0.4999970
 37.190 0.4999971
 37.200 0.4999972
 37.210 0.4999973
 37.220 0.4999974
 37.230 0.4999975
 37.240 0.4999976
 37.250 0.4999977
 37.260 0.4999978
 37.270 0.4999979
 37.280 0.4999980
 37.290 0.4999981
 37.300 0.4999982
 37.310 0.4999983
 37.320 0.4999984
 37.330 0.4999985
 37.340 0.4999985
 37.350 0.4999986
 37.360 0.4999987
 37.370 0.4999988
 37.380 0.4999988
 37.390 0.4999989
 37.400 0.4999990
 37.410 0.4999991
 37.420 0.4999991
 37.430 0.4999992
 37.440 0.4999992
 37.450 0.4999993
 37.460 0.4999994
 37.470 0.4999994
 37.480 0.4999995
 37.490 0.4999995
 37.500 0.4999996
 37.510 0.4999996
 37.520 0.4999996
 37.530 0.4999997
 37.540 0.4999997
 37.550 0.4999998
 37.560 0.4999998
 37.570 0.4999998
 37.580 0.4999999
 37.590 0.4999999
 37.600 0.4999999
 37.610 0.4999999
 37.620 0.4999999
 37.630 0.5000000
 37.640 0.5000000
 37.650 0.5000000
 37.660 0.5000000
 37.670 0.5000000
 37.680 0.5000000
 37.690 0.5000000
 37.700 0.5000000
 37.710 0.5000000
 37.720 0.5000000
 37.730 0.5000000
 37.740 0.5000000
 37.750 0.5000000
 37.760 0.4999999
 37.770 0.4999999
 37.780 0.4999999
 37.790 0.4999999
 37.800 0.4999998
 37.810 0.4999998
 37.820 0.4999998
 37.830 0.4999998
 37.840 0.4999997
 37.850 0.4999997
 37.860 0.4999996
 37.870 0.4999996
 37.880 0.4999995
 37.890 0.4999995
 37.900 0.4999995
 37.910 0.4999994
 37.920 0.4999993
 37.930 0.4999993
 37.940 0.4999992
 37.950 0.4999992
 37.960 0.4999991
 37.970 0.4999990
 37.980 0.4999990
 37.990 0.4999989
 38.000 0.4999988
 38.010 0.4999988
 38.020 0.4999987
 38.030 0.4999986
 38.040 0.4999985
 38.050 0.4999984
 38.060 0.4999984
 38.070 0.4999983
 38.080 0.4999982
 38.090 0.4999981
 38.100 0.4999980
 38.110 0.4999979
 38.120 0.4999978
 38.130 0.4999977
 38.140 0.4999976
 38.150 0.4999975
 38.160 0.4999974
 38.170 0.4999973
 38.180 0.4999972
 38.190 0.4999971
 38.200 0.4999970
 38.210 0.4999969
 38.220 0.4999968
 38.230 0.4999967
 38.240 0.4999966
 38.250 0.4999965
 38.260 0.4999963
 38.270 0.4999962
 38.280 0.4999961
 38.290 0.4999960
 38.300 0.4999959
 38.310 0.4999958
 38.320 0.4999956
 38.330 0.4999955
 38.340 0.4999954
 38.350 0.4999953
 38.360 0.4999952
 38.370 0.4999950
 38.380 0.4999949
 38.390 0.4999948
 38.400 0.4999947
 38.410 0.4999946
 38.420 0.4999944
 38.430 0.4999943
 38.440 0.4999942
 38.450 0.4999941
 38.460 0.4999939
 38.470 0.4999938
 38.480 0.4999937
 38.490 0.4999936
 38.500 0.4999934
 38.510 0.4999933
 38.520 0.4999932
 38.530 0.4999931
 38.540 0.4999929
 38.550 0.4999928
 38.560 0.4999927
 38.570 0.4999926
 38.580 0.4999924
 38.590 0.4999923
 38.600 0.4999922
 38.610 0.4999921
 38.620 0.4999920
 38.630 0.4999918
 38.640 0.4999917
 38.650 0.4999916
 38.660 0.4999915
 38.670 0.4999914
 38.680 0.4999913
 38.690 0.4999911
 38.700 0.4999910
 38.710 0.4999909
 38.720 0.4999908
 38.730 0.4999907
 38.740 0.4999906
 38.750 0.4999905
 38.760 0.4999904
 38.770 0.4999903
 38.780 0.4999902
 38.790 0.4999901
 38.800 0.4999900
 38.810 0.4999899
 38.820 0.4999898
 38.830 0.4999897
 38.840 0.4999896
 38.850 0.4999895
 38.860 0.4999894
 38.870 0.4999893
 38.880 0.4999892
 38.890 0.4999891
 38.900 0.4999890
 38.910 0.4999890
 38.920 0.4999889
 38.930 0.4999888
 38.940 0.4999887
 38.950 0.4999887
 38.960 0.4999886
 38.970 0.4999885
 38.980 0.4999885
 38.990 0.4999884
 39.000 0.4999883
 39.010 0.4999883
 39.020 0.4999882
 39.030 0.4999881
 39.040 0.4999881
 39.050 0.4999880
 39.060 0.4999880
 39.070 0.4999879
 39.080 0.4999879
 39.090 0.4999879
 39.100 0.4999878
 39.110 0.4999878
 39.120 0.4999877
 39.130 0.4999877
 39.140 0.4999877
 39.150 0.4999876
 39.160 0.4999876
 39.170 0.4999876
 39.180 0.4999876
 39.190 0.4999876
 39.200 0.4999875
 39.210 0.4999875
 39.220 0.4999875
 39.230 0.4999875
 39.240 0.4999875
 39.250 0.4999875
 39.260 0.4999875
 39.270 0.4999875
 39.280 0.4999875
 39.290 0.4999875
 39.300 0.4999875
 39.310 0.4999875
 39.320 0.4999875
 39.330 0.4999876
 39.340 0.4999876
 39.350 0.4999876
 39.360 0.4999876
 39.370 0.4999877
 39.380 0.4999877
 39.390 0.4999877
 39.400 0.4999877
 39.410 0.4999878
 39.420 0.4999878
 39.430 0.4999879
 39.440 0.4999879
 39.450 0.4999879
 39.460 0.4999880
 39.470 0.4999880
 39.480 0.4999881
 39.490 0.4999882
 39.500 0.4999882
 39.510 0.4999883
 39.520 0.4999883
 39.530 0.4999884
 39.540 0.4999885
 39.550 0.4999885
 39.560 0.4999886
 39.570 0.4999887
 39.580 0.4999887
 39.590 0.4999888
 39.600 0.4999889
 39.610 0.4999890
 39.620 0.4999891
 39.630 0.4999891
 39.640 0.4999892
 39.650 0.4999893
 39.660 0.4999894
 39.670 0.4999895
 39.680 0.4999896
 39.690 0.4999897
 39.700 0.4999898
 39.710 0.4999899
 39.720 0.4999900
 39.730 0.4999901
 39.740 0.4999902
 39.750 0.4999903
 39.760 0.4999904
 39.770 0.4999905
 39.780 0.4999906
 39.790 0.4999907
 39.800 0.4999908
 39.810 0.4999909
 39.820 0.4999910
 39.830 0.4999911
 39.840 0.4999913
 39.850 0.4999914
 39.860 0.4999915
 39.870 0.4999916
 39.880 0.4999917
 39.890 0.4999918
 39.900 0.4999920
 39.910 0.4999921
 39.920 0.4999922
 39.930 0.4999923
 39.940 0.4999924
 39.950 0.4999926
 39.960 0.4999927
 39.970 0.4999928
 39.980 0.4999929
 39.990 0.4999931
 40.000 0.4999932
 40.010 0.4999933
 40.020 0.4999934
 40.030 0.4999936
 40.040 0.4999937
 40.050 0.4999938
 40.060 0.4999939
 40.070 0.4999941
 40.080 0.4999942
 40.090 0.4999943
 40.100 0.4999944
 40.110 0.4999946
 40.120 0.4999947
 40.130 0.4999948
 40.140 0.4999949
 40.150 0.4999951
 40.160 0.4999952
 40.170 0.4999953
 40.180 0.4999954
 40.190 0.4999955
 40.200 0.4999957
 40.210 0.4999958
 40.220 0.4999959
 40.230 0.4999960
 40.240 0.4999961
 40.250 0.4999962
 40.260 0.4999964
 40.270 0.4999965
 40.280 0.4999966
 40.290 0.4999967
 40.300 0.4999968
 40.310 0.4999969
 40.320 0.4999970
 40.330 0.4999971
 40.340 0.4999972
 40.350 0.4999973
 40.360 0.4999974
 40.370 0.4999975
 40.380 0.4999976
 40.390 0.4999977
 40.400 0.4999978
 40.410 0.4999979
 40.420 0.4999980
 40.430 0.4999981
 40.440 0.4999982
 40.450 0.4999983
 40.460 0.4999984
 40.470 0.4999984
 40.480 0.4999985
 40.490 0.4999986
 40.500 0.4999987
 40.510 0.4999988
 40.520 0.4999988
 40.530 0.4999989
 40.540 0.4999990
 40.550 0.4999990
 40.560 0.4999991
 40.570 0.4999992
 40.580 0.4999992
 40.590 0.4999993
 40.600 0.4999993
 40.610 0.4999994
 40.620 0.4999995
 40.630 0.4999995
 40.640 0.4999996
 40.650 0.4999996
 40.660 0.4999996
 40.670 0.4999997
 40.680 0.4999997
 40.690 0.4999998
 40.700 0.4999998
 40.710 0.4999998
 40.720 0.4999998
 40.730 0.4999999
 40.740 0.4999999
 40.750 0.4999999
 40.760 0.4999999
 40.770 0.5000000
 40.780 0.5000000
 40.790 0.5000000
 40.800 0.5000000
 40.810 0.5000000
 40.820 0.5000000
 40.830 0.5000000
 40.840 0.5000000
 40.850 0.5000000
 40.860 0.5000000
 40.870 0.5000000
 40.880 0.5000000
 40.890 0.5000000
 40.900 0.4999999
 40.910 0.4999999
 40.920 0.4999999
 40.930 0.4999999
 40.940 0.4999999
 40.950 0.4999998
 40.960 0.4999998
 40.970 0.4999998
 40.980 0.4999997
 40.990 0.4999997
 41.000 0.4999996
 41.010 0.4999996
 41.020 0.4999996
 41.030 0.4999995
 41.040 0.4999995
 41.050 0.4999994
 41.060 0.4999994
 41.070 0.4999993
 41.080 0.4999992
 41.090 0.4999992
 41.100 0.4999991
 41.110 0.4999990
 41.120 0.4999990
 41.130 0.4999989
 41.140 0.4999988
 41.150 0.4999988
 41.160 0.4999987
 41.170 0.4999986
 41.180 0.4999985
 41.190 0.4999985
 41.200 0.4999984
 41.210 0.4999983
 41.220 0.4999982
 41.230 0.4999981
 41.240 0.4999980
 41.250 0.4999979
 41.260 0.4999978
 41.270 0.4999977
 41.280 0.4999976
 41.290 0.4999975
 41.300 0.4999974
 41.310 0.4999973
 41.320 0.4999972
 41.330 0.4999971
 41.340 0.4999970
 41.350 0.4999969
 41.360 0.4999968
 41.370 0.4999967
 41.380 0.4999966
 41.390 0.4999965
 41.400 0.4999964
 41.410 0.4999963
 41.420 0.4999961
 41.430 0.4999960
 41.440 0.4999959
 41.450 0.4999958
 41.460 0.4999957
 41.470 0.4999955
 41.480 0.4999954
 41.490 0.4999953
 41.500 0.4999952
 41.510 0.4999951
 41.520 0.4999949
 41.530 0.4999948
 41.540 0.4999947
 41.550 0.4999946
 41.560 0.4999944
 41.570 0.4999943
 41.580 0.4999942
 41.590 0.4999941
 41.600 0.4999939
 41.610 0.4999938
 41.620 0.4999937
 41.630 0.4999936
 41.640 0.4999934
 41.650 0.4999933
 41.660 0.4999932
 41.670 0.4999931
 41.680 0.4999930
 41.690 0.4999928
 41.700 0.4999927
 41.710 0.4999926
 41.720 0.4999925
 41.730 0.4999923
 41.740 0.4999922
 41.750 0.4999921
 41.760 0.4999920
 41.770 0.4999919
 41.780 0.4999917
 41.790 0.4999916
 41.800 0.4999915
 41.810 0.4999914
 41.820 0.4999913
 41.830 0.4999912
 41.840 0.4999910
 41.850 0.4999909
 41.860 0.4999908
 41.870 0.4999907
 41.880 0.4999906
 41.890 0.4999905
 41.900 0.4999904
 41.910 0.4999903
 41.920 0.4999902
 41.930 0.4999901
 41.940 0.4999900
 41.950 0.4999899
 41.960 0.4999898
 41.970 0.4999897
 41.980 0.4999896
 41.990 0.4999895
 42.000 0.4999894
 42.010 0.4999893
 42.020 0.4999892
 42.030 0.4999891
 42.040 0.4999891
 42.050 0.4999890
 42.060 0.4999889
 42.070 0.4999888
 42.080 0.4999887
 42.090 0.4999887
 42.100 0.4999886
 42.110 0.4999885
 42.120 0.4999885
 42.130 0.4999884
 42.140 0.4999883
 42.150 0.4999883
 42.160 0.4999882
 42.170 0.4999882
 42.180 0.4999881
 42.190 0.4999880
 42.200 0.4999880
 42.210 0.4999880
 42.220 0.4999879
 42.230 0.4999879
 42.240 0.4999878
 42.250 0.4999878
 42.260 0.4999877
 42.270 0.4999877
 42.280 0.4999877
 42.290 0.4999877
 42.300 0.4999876
 42.310 0.4999876
 42.320 0.4999876
 42.330 0.4999876
 42.340 0.4999875
 42.350 0.4999875
 42.360 0.4999875
 42.370 0.4999875
 42.380 0.4999875
 42.390 0.4999875
 42.400 0.4999875
 42.410 0.4999875
 42.420 0.4999875
 42.430 0.4999875
 42.440 0.4999875
 42.450 0.4999875
 42.460 0.4999875
 42.470 0.4999876
 42.480 0.4999876
 42.490 0.4999876
 42.500 0.4999876
 42.510 0.4999876
 42.520 0.4999877
 42.530 0.4999877
 42.540 0.4999877
 42.550 0.4999878
 42.560 0.4999878
 42.570 0.4999879
 42.580 0.4999879
 42.590 0.4999879
 42.600 0.4999880
 42.610 0.4999880
 42.620 0.4999881
 42.630 0.4999881
 42.640 0.4999882
 42.650 0.4999883
 42.660 0.4999883
 42.670 0.4999884
 42.680 0.4999884
 42.690 0.4999885
 42.700 0.4999886
 42.710 0.4999887
 42.720 0.4999887
 42.730 0.4999888
 42.740 0.4999889
 42.750 0.4999890
 42.760 0.4999890
 42.770 0.4999891
 42.780 0.4999892
 42.790 0.4999893
 42.800 0.4999894
 42.810 0.4999895
 42.820 0.4999896
 42.830 0.4999897
 42.840 0.4999898
 42.850 0.4999899
 42.860 0.4999900
 42.870 0.4999901
 42.880 0.4999902
 42.890 0.4999903
 42.900 0.4999904
 42.910 0.4999905
 42.920 0.4999906
 42.930 0.4999907
 42.940 0.4999908
 42.950 0.4999909
 42.960 0.4999910
 42.970 0.4999911
 42.980 0.4999912
 42.990 0.4999914
 43.000 0.4999915
 43.010 0.4999916
 43.020 0.4999917
 43.030 0.4999918
 43.040 0.4999919
 43.050 0.4999921
 43.060 0.4999922
 43.070 0.4999923
 43.080 0.4999924
 43.090 0.4999925
 43.100 0.4999927
 43.110 0.4999928
 43.120 0.4999929
 43.130 0.4999930
 43.140 0.4999932
 43.150 0.4999933
 43.160 0.4999934
 43.170 0.4999935
 43.180 0.4999937
 43.190 0.4999938
 43.200 0.4999939
 43.210 0.4999940
 43.220 0.4999942
 43.230 0.4999943
 43.240 0.4999944
 43.250 0.4999945
 43.260 0.4999947
 43.270 0.4999948
 43.280 0.4999949
 43.290 0.4999950
 43.300 0.4999952
 43.310 0.4999953
 43.320 0.4999954
 43.330 0.4999955
 43.340 0.4999956
 43.350 0.4999958
 43.360 0.4999959
 43.370 0.4999960
 43.380 0.4999961
 43.390 0.4999962
 43.400 0.4999963
 43.410 0.4999964
 43.420 0.4999966
 43.430 0.4999967
 43.440 0.4999968
 43.450 0.4999969
 43.460 0.4999970
 43.470 0.4999971
 43.480 0.4999972
 43.490 0.4999973
 43.500 0.4999974
 43.510 0.4999975
 43.520 0.4999976
 43.530 0.4999977
 43.540 0.4999978
 43.550 0.4999979
 43.560 0.4999980
 43.570 0.4999981
 43.580 0.4999982
 43.590 0.4999983
 43.600 0.4999983
 43.610 0.4999984
 43.620 0.4999985
 43.630 0.4999986
 43.640 0.4999987
 43.650 0.4999987
 43.660 0.4999988
 43.670 0.4999989
 43.680 0.4999990
 43.690 0.4999990
 43.700 0.4999991
 43.710 0.4999992
 43.720 0.4999992
 43.730 0.4999993
 43.740 0.4999993
 43.750 0.4999994
 43.760 0.4999994
 43.770 0.4999995
 43.780 0.4999995
 43.790 0.4999996
 43.800 0.4999996
 43.810 0.4999997
 43.820 0.4999997
 43.830 0.4999997
 43.840 0.4999998
 43.850 0.4999998
 43.860 0.4999998
 43.870 0.4999999
 43.880 0.4999999
 43.890 0.4999999
 43.900 0.4999999
 43.910 0.5000000
 43.920 0.5000000
 43.930 0.5000000
 43.940 0.5000000
 43.950 0.5000000
 43.960 0.5000000
 43.970 0.5000000
 43.980 0.5000000
 43.990 0.5000000
 44.000 0.5000000
 44.010 0.5000000
 44.020 0.5000000
 44.030 0.5000000
 44.040 0.4999999
 44.050 0.4999999
 44.060 0.4999999
 44.070 0.4999999
 44.080 0.4999999
 44.090 0.4999998
 44.100 0.4999998
 44.110 0.4999998
 44.120 0.4999997
 44.130 0.4999997
 44.140 0.4999997
 44.150 0.4999996
 44.160 0.4999996
 44.170 0.4999995
 44.180 0.4999995
 44.190 0.4999994
 44.200 0.4999994
 44.210 0.4999993
 44.220 0.4999992
 44.230 0.4999992
 44.240 0.4999991
 44.250 0.4999991
 44.260 0.4999990
 44.270 0.4999989
 44.280 0.4999989
 44.290 0.4999988
 44.300 0.4999987
 44.310 0.4999986
 44.320 0.4999985
 44.330 0.4999985
 44.340 0.4999984
 44.350 0.4999983
 44.360 0.4999982
 44.370 0.4999981
 44.380 0.4999980
 44.390 0.4999979
 44.400 0.4999978
 44.410 0.4999978
 44.420 0.4999977
 44.430 0.4999976
 44.440 0.4999975
 44.450 0.4999974
 44.460 0.4999973
 44.470 0.4999971
 44.480 0.4999970
 44.490 0.4999969
 44.500 0.4999968
 44.510 0.4999967
 44.520 0.4999966
 44.530 0.4999965
 44.540 0.4999964
 44.550 0.4999963
 44.560 0.4999962
 44.570 0.4999960
 44.580 0.4999959
 44.590 0.4999958
 44.600 0.4999957
 44.610 0.4999956
 44.620 0.4999954
 44.630 0.4999953
 44.640 0.4999952
 44.650 0.4999951
 44.660 0.4999950
 44.670 0.4999948
 44.680 0.4999947
 44.690 0.4999946
 44.700 0.4999945
 44.710 0.4999943
 44.720 0.4999942
 44.730 0.4999941
 44.740 0.4999940
 44.750 0.4999938
 44.760 0.4999937
 44.770 0.4999936
 44.780 0.4999935
 44.790 0.4999933
 44.800 0.4999932
 44.810 0.4999931
 44.820 0.4999930
 44.830 0.4999928
 44.840 0.4999927
 44.850 0.4999926
 44.860 0.4999925
 44.870 0.4999924
 44.880 0.4999922
 44.890 0.4999921
 44.900 0.4999920
 44.910 0.4999919
 44.920 0.4999918
 44.930 0.4999916
 44.940 0.4999915
 44.950 0.4999914
 44.960 0.4999913
 44.970 0.4999912
 44.980 0.4999911
 44.990 0.4999909
 45.000 0.4999908
 45.010 0.4999907
 45.020 0.4999906
 45.030 0.4999905
 45.040 0.4999904
 45.050 0.4999903
 45.060 0.4999902
 45.070 0.4999901
 45.080 0.4999900
 45.090 0.4999899
 45.100 0.4999898
 45.110 0.4999897
 45.120 0.4999896
 45.130 0.4999895
 45.140 0.4999894
 45.150 0.4999893
 45.160 0.4999892
 45.170 0.4999892
 45.180 0.4999891
 45.190 0.4999890
 45.200 0.4999889
 45.210 0.4999888
 45.220 0.4999888
 45.230 0.4999887
 45.240 0.4999886
 45.250 0.4999885
 45.260 0.4999885
 45.270 0.4999884
 45.280 0.4999883
 45.290 0.4999883
 45.300 0.4999882
 45.310 0.4999882
 45.320 0.4999881
 45.330 0.4999881
 45.340 0.4999880
 45.350 0.4999880
 45.360 0.4999879
 45.370 0.4999879
 45.380 0.4999878
 45.390 0.4999878
 45.400 0.4999878
 45.410 0.4999877
 45.420 0.4999877
 45.430 0.4999877
 45.440 0.4999876
 45.450 0.4999876
 45.460 0.4999876
 45.470 0.4999876
 45.480 0.4999875
 45.490 0.4999875
 45.500 0.4999875
 45.510 0.4999875
 45.520 0.4999875
 45.530 0.4999875
 45.540 0.4999875
 45.550 0.4999875
 45.560 0.4999875
 45.570 0.4999875
 45.580 0.4999875
 45.590 0.4999875
 45.600 0.4999875
 45.610 0.4999876
 45.620 0.4999876
 45.630 0.4999876
 45.640 0.4999876
 45.650 0.4999876
 45.660 0.4999877
 45.670 0.4999877
 45.680 0.4999877
 45.690 0.4999878
 45.700 0.4999878
 45.710 0.4999878
 45.720 0.4999879
 45.730 0.4999879
 45.740 0.4999880
 45.750 0.4999880
 45.760 0.4999881
 45.770 0.4999881
 45.780 0.4999882
 45.790 0.4999882
 45.800 0.4999883
 45.810 0.4999884
 45.820 0.4999884
 45.830 0.4999885
 45.840 0.4999886
 45.850 0.4999886
 45.860 0.4999887
 45.870 0.4999888
 45.880 0.4999889
 45.890 0.4999889
 45.900 0.4999890
 45.910 0.4999891
 45.920 0.4999892
 45.930 0.4999893
 45.940 0.4999894
 45.950 0.4999895
 45.960 0.4999896
 45.970 0.4999896
 45.980 0.4999897
 45.990 0.4999898
 46.000 0.4999899
 46.010 0.4999900
 46.020 0.4999901
 46.030 0.4999902
 46.040 0.4999903
 46.050 0.4999904
 46.060 0.4999906
 46.070 0.4999907
 46.080 0.4999908
 46.090 0.4999909
 46.100 0.4999910
 46.110 0.4999911
 46.120 0.4999912
 46.130 0.4999913
 46.140 0.4999915
 46.150 0.4999916
 46.160 0.4999917
 46.170 0.4999918
 46.180 0.4999919
 46.190 0.4999920
 46.200 0.4999922
 46.210 0.4999923
 46.220 0.4999924
 46.230 0.4999925
 46.240 0.4999927
 46.250 0.4999928
 46.260 0.4999929
 46.270 0.4999930
 46.280 0.4999931
 46.290 0.4999933
 46.300 0.4999934
 46.310 0.4999935
 46.320 0.4999936
 46.330 0.4999938
 46.340 0.4999939
 46.350 0.4999940
 46.360 0.4999941
 46.370 0.4999943
 46.380 0.4999944
 46.390 0.4999945
 46.400 0.4999946
 46.410 0.4999948
 46.420 0.4999949
 46.430 0.4999950
 46.440 0.4999951
 46.450 0.4999953
 46.460 0.4999954
 46.470 0.4999955
 46.480 0.4999956
 46.490 0.4999957
 46.500 0.4999959
 46.510 0.4999960
 46.520 0.4999961
 46.530 0.4999962
 46.540 0.4999963
 46.550 0.4999964
 46.560 0.4999965
 46.570 0.4999967
 46.580 0.4999968
 46.590 0.4999969
 46.600 0.4999970
 46.610 0.4999971
 46.620 0.4999972
 46.630 0.4999973
 46.640 0.4999974
 46.650 0.4999975
 46.660 0.4999976
 46.670 0.4999977
 46.680 0.4999978
 46.690 0.4999979
 46.700 0.4999980
 46.710 0.4999981
 46.720 0.4999982
 46.730 0.4999982
 46.740 0.4999983
 46.750 0.4999984
 46.760 0.4999985
 46.770 0.4999986
 46.780 0.4999987
 46.790 0.4999987
 46.800 0.4999988
 46.810 0.4999989
 46.820 0.4999990
 46.830 0.4999990
 46.840 0.4999991
 46.850 0.4999992
 46.860 0.4999992
 46.870 0.4999993
 46.880 0.4999993
 46.890 0.4999994
 46.900 0.4999994
 46.910 0.4999995
 46.920 0.4999995
 46.930 0.4999996
 46.940 0.4999996
 46.950 0.4999997
 46.960 0.4999997
 46.970 0.4999997
 46.980 0.4999998
 46.990 0.4999998
 47.000 0.4999998
 47.010 0.4999999
 47.020 0.4999999
 47.030 0.4999999
 47.040 0.4999999
 47.050 0.4999999
 47.060 0.5000000
 47.070 0.5000000
 47.080 0.5000000
 47.090 0.5000000
 47.100 0.5000000
 47.110 0.5000000
 47.120 0.5000000
 47.130 0.5000000
 47.140 0.5000000
 47.150 0.5000000
 47.160 0.5000000
 47.170 0.5000000
 47.180 0.4999999
 47.190 0.4999999
 47.200 0.4999999
 47.210 0.4999999
 47.220 0.4999999
 47.230 0.4999998
 47.240 0.4999998
 47.250 0.4999998
 47.260 0.4999997
 47.270 0.4999997
 47.280 0.4999997
 47.290 0.4999996
 47.300 0.4999996
 47.310 0.4999995
 47.320 0.4999995
 47.330 0.4999994
 47.340 0.4999994
 47.350 0.4999993
 47.360 0.4999993
 47.370 0.4999992
 47.380 0.4999991
 47.390 0.4999991
 47.400 0.4999990
 47.410 0.4999989
 47.420 0.4999989
 47.430 0.4999988
 47.440 0.4999987
 47.450 0.4999986
 47.460 0.4999986
 47.470 0.4999985
 47.480 0.4999984
 47.490 0.4999983
 47.500 0.4999982
 47.510 0.4999981
 47.520 0.4999980
 47.530 0.4999980
 47.540 0.4999979
 47.550 0.4999978
 47.560 0.4999977
 47.570 0.4999976
 47.580 0.4999975
 47.590 0.4999974
 47.600 0.4999973
 47.610 0.4999972
 47.620 0.4999971
 47.630 0.4999970
 47.640 0.4999968
 47.650 0.4999967
 47.660 0.4999966
 47.670 0.4999965
 47.680 0.4999964
 47.690 0.4999963
 47.700 0.4999962
 47.710 0.4999961
 47.720 0.4999959
 47.730 0.4999958
 47.740 0.4999957
 47.750 0.4999956
 47.760 0.4999955
 47.770 0.4999953
 47.780 0.4999952
 47.790 0.4999951
 47.800 0.4999950
 47.810 0.4999949
 47.820 0.4999947
 47.830 0.4999946
 47.840 0.4999945
 47.850 0.4999944
 47.860 0.4999942
 47.870 0.4999941
 47.880 0.4999940
 47.890 0.4999939
 47.900 0.4999937
 47.910 0.4999936
 47.920 0.4999935
 47.930 0.4999934
 47.940 0.4999932
 47.950 0.4999931
 47.960 0.4999930
 47.970 0.4999929
 47.980 0.4999927
 47.990 0.4999926
 48.000 0.4999925
 48.010 0.4999924
 48.020 0.4999923
 48.030 0.4999921
 48.040 0.4999920
 48.050 0.4999919
 48.060 0.4999918
 48.070 0.4999917
 48.080 0.4999915
 48.090 0.4999914
 48.100 0.4999913
 48.110 0.4999912
 48.120 0.4999911
 48.130 0.4999910
 48.140 0.4999909
 48.150 0.4999907
 48.160 0.4999906
 48.170 0.4999905
 48.180 0.4999904
 48.190 0.4999903
 48.200 0.4999902
 48.210 0.4999901
 48.220 0.4999900
 48.230 0.4999899
 48.240 0.4999898
 48.250 0.4999897
 48.260 0.4999896
 48.270 0.4999895
 48.280 0.4999894
 48.290 0.4999893
 48.300 0.4999893
 48.310 0.4999892
 48.320 0.4999891
 48.330 0.4999890
 48.340 0.4999889
 48.350 0.4999888
 48.360 0.4999888
 48.370 0.4999887
 48.380 0.4999886
 48.390 0.4999886
 48.400 0.4999885
 48.410 0.4999884
 48.420 0.4999884
 48.430 0.4999883
 48.440 0.4999882
 48.450 0.4999882
 48.460 0.4999881
 48.470 0.4999881
 48.480 0.4999880
 48.490 0.4999880
 48.500 0.4999879
 48.510 0.4999879
 48.520 0.4999878
 48.530 0.4999878
 48.540 0.4999878
 48.550 0.4999877
 48.560 0.4999877
 48.570 0.4999877
 48.580 0.4999876
 48.590 0.4999876
 48.600 0.4999876
 48.610 0.4999876
 48.620 0.4999876
 48.630 0.4999875
 48.640 0.4999875
 48.650 0.4999875
 48.660 0.4999875
 48.670 0.4999875
 48.680 0.4999875
 48.690 0.4999875
 48.700 0.4999875
 48.710 0.4999875
 48.720 0.4999875
 48.730 0.4999875
 48.740 0.4999875
 48.750 0.4999876
 48.760 0.4999876
 48.770 0.4999876
 48.780 0.4999876
 48.790 0.4999876
 48.800 0.4999877
 48.810 0.4999877
 48.820 0.4999877
 48.830 0.4999878
 48.840 0.4999878
 48.850 0.4999878
 48.860 0.4999879
 48.870 0.4999879
 48.880 0.4999880
 48.890 0.4999880
 48.900 0.4999881
 48.910 0.4999881
 48.920 0.4999882
 48.930 0.4999882
 48.940 0.4999883
 48.950 0.4999884
 48.960 0.4999884
 48.970 0.4999885
 48.980 0.4999886
 48.990 0.4999886
 49.000 0.4999887
 49.010 0.4999888
 49.020 0.4999889
 49.030 0.4999889
 49.040 0.4999890
 49.050 0.4999891
 49.060 0.4999892
 49.070 0.4999893
 49.080 0.4999894
 49.090 0.4999894
 49.100 0.4999895
 49.110 0.4999896
 49.120 0.4999897
 49.130 0.4999898
 49.140 0.4999899
 49.150 0.4999900
 49.160 0.4999901
 49.170 0.4999902
 49.180 0.4999903
 49.190 0.4999904
 49.200 0.4999905
 49.210 0.4999906
 49.220 0.4999908
 49.230 0.4999909
 49.240 0.4999910
 49.250 0.4999911
 49.260 0.4999912
 49.270 0.4999913
 49.280 0.4999914
 49.290 0.4999915
 49.300 0.4999917
 49.310 0.4999918
 49.320 0.4999919
 49.330 0.4999920
 49.340 0.4999921
 49.350 0.4999923
 49.360 0.4999924
 49.370 0.4999925
 49.380 0.4999926
 49.390 0.4999928
 49.400 0.4999929
 49.410 0.4999930
 49.420 0.4999931
 49.430 0.4999933
 49.440 0.4999934
 49.450 0.4999935
 49.460 0.4999936
 49.470 0.4999938
 49.480 0.4999939
 49.490 0.4999940
 49.500 0.4999941
 49.510 0.4999943
 49.520 0.4999944
 49.530 0.4999945
 49.540 0.4999946
 49.550 0.4999947
 49.560 0.4999949
 49.570 0.4999950
 49.580 0.4999951
 49.590 0.4999952
 49.600 0.4999954
 49.610 0.4999955
 49.620 0.4999956
 49.630 0.4999957
 49.640 0.4999958
 49.650 0.4999960
 49.660 0.4999961
 49.670 0.4999962
 49.680 0.4999963
 49.690 0.4999964
 49.700 0.4999965
 49.710 0.4999966
 49.720 0.4999967
 49.730 0.4999969
 49.740 0.4999970
 49.750 0.4999971
 49.760 0.4999972
 49.770 0.4999973
 49.780 0.4999974
 49.790 0.4999975
 49.800 0.4999976
 49.810 0.4999977
 49.820 0.4999978
 49.830 0.4999979
 49.840 0.4999980
 49.850 0.4999981
 49.860 0.4999981
 49.870 0.4999982
 49.880 0.4999983
 49.890 0.4999984
 49.900 0.4999985
 49.910 0.4999986
 49.920 0.4999986
 49.930 0.4999987
 49.940 0.4999988
 49.950 0.4999989
 49.960 0.4999989
 49.970 0.4999990
 49.980 0.4999991
 49.990 0.4999991
