  0.000   1.000
  0.010   1.000
  0.020   1.000
  0.030   0.999
  0.040   0.999
  0.050   0.998
  0.060   0.998
  0.070   0.997
  0.080   0.996
  0.090   0.995
  0.100   0.994
  0.110   0.993
  0.120   0.992
  0.130   0.990
  0.140   0.989
  0.150   0.987
  0.160   0.986
  0.170   0.984
  0.180   0.982
  0.190   0.980
  0.200   0.978
  0.210   0.976
  0.220   0.974
  0.230   0.971
  0.240   0.969
  0.250   0.966
  0.260   0.964
  0.270   0.961
  0.280   0.958
  0.290   0.955
  0.300   0.952
  0.310   0.949
  0.320   0.946
  0.330   0.943
  0.340   0.939
  0.350   0.936
  0.360   0.932
  0.370   0.929
  0.380   0.925
  0.390   0.921
  0.400   0.917
  0.410   0.913
  0.420   0.909
  0.430   0.905
  0.440   0.900
  0.450   0.896
  0.460   0.892
  0.470   0.887
  0.480   0.882
  0.490   0.878
  0.500   0.873
  0.510   0.868
  0.520   0.863
  0.530   0.858
  0.540   0.853
  0.550   0.847
  0.560   0.842
  0.570   0.836
  0.580   0.831
  0.590   0.825
  0.600   0.820
  0.610   0.814
  0.620   0.808
  0.630   0.802
  0.640   0.796
  0.650   0.790
  0.660   0.784
  0.670   0.778
  0.680   0.771
  0.690   0.765
  0.700   0.758
  0.710   0.752
  0.720   0.745
  0.730   0.738
  0.740   0.732
  0.750   0.725
  0.760   0.718
  0.770   0.711
  0.780   0.704
  0.790   0.697
  0.800   0.689
  0.810   0.682
  0.820   0.675
  0.830   0.667
  0.840   0.660
  0.850   0.652
  0.860   0.645
  0.870   0.637
  0.880   0.629
  0.890   0.622
  0.900   0.614
  0.910   0.606
  0.920   0.598
  0.930   0.590
  0.940   0.582
  0.950   0.574
  0.960   0.565
  0.970   0.557
  0.980   0.549
  0.990   0.540
  1.000   0.532
  1.010   0.523
  1.020   0.515
  1.030   0.506
  1.040   0.498
  1.050   0.489
  1.060   0.480
  1.070   0.471
  1.080   0.462
  1.090   0.454
  1.100   0.445
  1.110   0.436
  1.120   0.427
  1.130   0.418
  1.140   0.408
  1.150   0.399
  1.160   0.390
  1.170   0.381
  1.180   0.372
  1.190   0.362
  1.200   0.353
  1.210   0.344
  1.220   0.334
  1.230   0.325
  1.240   0.315
  1.250   0.306
  1.260   0.296
  1.270   0.287
  1.280   0.277
  1.290   0.267
  1.300   0.258
  1.310   0.248
  1.320   0.238
  1.330   0.229
  1.340   0.219
  1.350   0.209
  1.360   0.199
  1.370   0.190
  1.380   0.180
  1.390   0.170
  1.400   0.160
  1.410   0.150
  1.420   0.140
  1.430   0.130
  1.440   0.120
  1.450   0.111
  1.460   0.101
  1.470   0.091
  1.480   0.081
  1.490   0.071
  1.500   0.061
  1.510   0.051
  1.520   0.041
  1.530   0.031
  1.540   0.021
  1.550   0.011
  1.560   0.001
  1.570  -0.009
  1.580  -0.019
  1.590  -0.029
  1.600  -0.039
  1.610  -0.049
  1.620  -0.059
  1.630  -0.069
  1.640  -0.079
  1.650  -0.089
  1.660  -0.099
  1.670  -0.109
  1.680  -0.119
  1.690  -0.129
  1.700  -0.139
  1.710  -0.149
  1.720  -0.159
  1.730  -0.168
  1.740  -0.178
  1.750  -0.188
  1.760  -0.198
  1.770  -0.208
  1.780  -0.217
  1.790  -0.227
  1.800  -0.237
  1.810  -0.247
  1.820  -0.256
  1.830  -0.266
  1.840  -0.276
  1.850  -0.285
  1.860  -0.295
  1.870  -0.304
  1.880  -0.314
  1.890  -0.323
  1.900  -0.333
  1.910  -0.342
  1.920  -0.352
  1.930  -0.361
  1.940  -0.370
  1.950  -0.379
  1.960  -0.389
  1.970  -0.398
  1.980  -0.407
  1.990  -0.416
  2.000  -0.425
  2.010  -0.434
  2.020  -0.443
  2.030  -0.452
  2.040  -0.461
  2.050  -0.470
  2.060  -0.479
  2.070  -0.487
  2.080  -0.496
  2.090  -0.505
  2.100  -0.513
  2.110  -0.522
  2.120  -0.531
  2.130  -0.539
  2.140  -0.547
  2.150  -0.556
  2.160  -0.564
  2.170  -0.572
  2.180  -0.580
  2.190  -0.589
  2.200  -0.597
  2.210  -0.605
  2.220  -0.612
  2.230  -0.620
  2.240  -0.628
  2.250  -0.636
  2.260  -0.644
  2.270  -0.651
  2.280  -0.659
  2.290  -0.666
  2.300  -0.674
  2.310  -0.681
  2.320  -0.688
  2.330  -0.696
  2.340  -0.703
  2.350  -0.710
  2.360  -0.717
  2.370  -0.724
  2.380  -0.731
  2.390  -0.737
  2.400  -0.744
  2.410  -0.751
  2.420  -0.757
  2.430  -0.764
  2.440  -0.770
  2.450  -0.777
  2.460  -0.783
  2.470  -0.789
  2.480  -0.795
  2.490  -0.801
  2.500  -0.807
  2.510  -0.813
  2.520  -0.819
  2.530  -0.824
  2.540  -0.830
  2.550  -0.836
  2.560  -0.841
  2.570  -0.846
  2.580  -0.852
  2.590  -0.857
  2.600  -0.862
  2.610  -0.867
  2.620  -0.872
  2.630  -0.877
  2.640  -0.882
  2.650  -0.886
  2.660  -0.891
  2.670  -0.895
  2.680  -0.900
  2.690  -0.904
  2.700  -0.908
  2.710  -0.912
  2.720  -0.916
  2.730  -0.920
  2.740  -0.924
  2.750  -0.928
  2.760  -0.932
  2.770  -0.935
  2.780  -0.939
  2.790  -0.942
  2.800  -0.946
  2.810  -0.949
  2.820  -0.952
  2.830  -0.955
  2.840  -0.958
  2.850  -0.961
  2.860  -0.963
  2.870  -0.966
  2.880  -0.969
  2.890  -0.971
  2.900  -0.973
  2.910  -0.976
  2.920  -0.978
  2.930  -0.980
  2.940  -0.982
  2.950  -0.984
  2.960  -0.985
  2.970  -0.987
  2.980  -0.989
  2.990  -0.990
  3.000  -0.991
  3.010  -0.993
  3.020  -0.994
  3.030  -0.995
  3.040  -0.996
  3.050  -0.997
  3.060  -0.997
  3.070  -0.998
  3.080  -0.999
  3.090  -0.999
  3.100  -1.000
  3.110  -1.000
  3.120  -1.000
  3.130  -1.000
  3.140  -1.000
  3.150  -1.000
  3.160  -1.000
  3.170  -0.999
  3.180  -0.999
  3.190  -0.998
  3.200  -0.998
  3.210  -0.997
  3.220  -0.996
  3.230  -0.995
  3.240  -0.994
  3.250  -0.993
  3.260  -0.992
  3.270  -0.990
  3.280  -0.989
  3.290  -0.987
  3.300  -0.986
  3.310  -0.984
  3.320  -0.982
  3.330  -0.980
  3.340  -0.978
  3.350  -0.976
  3.360  -0.974
  3.370  -0.972
  3.380  -0.969
  3.390  -0.967
  3.400  -0.964
  3.410  -0.961
  3.420  -0.959
  3.430  -0.956
  3.440  -0.953
  3.450  -0.950
  3.460  -0.947
  3.470  -0.943
  3.480  -0.940
  3.490  -0.936
  3.500  -0.933
  3.510  -0.929
  3.520  -0.926
  3.530  -0.922
  3.540  -0.918
  3.550  -0.914
  3.560  -0.910
  3.570  -0.905
  3.580  -0.901
  3.590  -0.897
  3.600  -0.892
  3.610  -0.888
  3.620  -0.883
  3.630  -0.878
  3.640  -0.874
  3.650  -0.869
  3.660  -0.864
  3.670  -0.859
  3.680  -0.853
  3.690  -0.848
  3.700  -0.843
  3.710  -0.837
  3.720  -0.832
  3.730  -0.826
  3.740  -0.821
  3.750  -0.815
  3.760  -0.809
  3.770  -0.803
  3.780  -0.797
  3.790  -0.791
  3.800  -0.785
  3.810  -0.779
  3.820  -0.772
  3.830  -0.766
  3.840  -0.759
  3.850  -0.753
  3.860  -0.746
  3.870  -0.740
  3.880  -0.733
  3.890  -0.726
  3.900  -0.719
  3.910  -0.712
  3.920  -0.705
  3.930  -0.698
  3.940  -0.691
  3.950  -0.683
  3.960  -0.676
  3.970  -0.669
  3.980  -0.661
  3.990  -0.654
  4.000  -0.646
  4.010  -0.638
  4.020  -0.631
  4.030  -0.623
  4.040  -0.615
  4.050  -0.607
  4.060  -0.599
  4.070  -0.591
  4.080  -0.583
  4.090  -0.575
  4.100  -0.567
  4.110  -0.558
  4.120  -0.550
  4.130  -0.542
  4.140  -0.533
  4.150  -0.525
  4.160  -0.516
  4.170  -0.508
  4.180  -0.499
  4.190  -0.490
  4.200  -0.482
  4.210  -0.473
  4.220  -0.464
  4.230  -0.455
  4.240  -0.446
  4.250  -0.437
  4.260  -0.428
  4.270  -0.419
  4.280  -0.410
  4.290  -0.401
  4.300  -0.392
  4.310  -0.382
  4.320  -0.373
  4.330  -0.364
  4.340  -0.354
  4.350  -0.345
  4.360  -0.336
  4.370  -0.326
  4.380  -0.317
  4.390  -0.307
  4.400  -0.298
  4.410  -0.288
  4.420  -0.279
  4.430  -0.269
  4.440  -0.259
  4.450  -0.250
  4.460  -0.240
  4.470  -0.230
  4.480  -0.221
  4.490  -0.211
  4.500  -0.201
  4.510  -0.191
  4.520  -0.181
  4.530  -0.172
  4.540  -0.162
  4.550  -0.152
  4.560  -0.142
  4.570  -0.132
  4.580  -0.122
  4.590  -0.112
  4.600  -0.102
  4.610  -0.092
  4.620  -0.082
  4.630  -0.072
  4.640  -0.062
  4.650  -0.052
  4.660  -0.042
  4.670  -0.032
  4.680  -0.022
  4.690  -0.012
  4.700  -0.002
  4.710   0.008
  4.720   0.018
  4.730   0.028
  4.740   0.038
  4.750   0.048
  4.760   0.058
  4.770   0.068
  4.780   0.078
  4.790   0.088
  4.800   0.097
  4.810   0.107
  4.820   0.117
  4.830   0.127
  4.840   0.137
  4.850   0.147
  4.860   0.157
  4.870   0.167
  4.880   0.177
  4.890   0.187
  4.900   0.196
  4.910   0.206
  4.920   0.216
  4.930   0.226
  4.940   0.235
  4.950   0.245
  4.960   0.255
  4.970   0.264
  4.980   0.274
  4.990   0.284
  5.000   0.293
  5.010   0.303
  5.020   0.312
  5.030   0.322
  5.040   0.331
  5.050   0.341
  5.060   0.350
  5.070   0.359
  5.080   0.369
  5.090   0.378
  5.100   0.387
  5.110   0.396
  5.120   0.406
  5.130   0.415
  5.140   0.424
  5.150   0.433
  5.160   0.442
  5.170   0.451
  5.180   0.460
  5.190   0.469
  5.200   0.477
  5.210   0.486
  5.220   0.495
  5.230   0.503
  5.240   0.512
  5.250   0.521
  5.260   0.529
  5.270   0.538
  5.280   0.546
  5.290   0.554
  5.300   0.563
  5.310   0.571
  5.320   0.579
  5.330   0.587
  5.340   0.595
  5.350   0.603
  5.360   0.611
  5.370   0.619
  5.380   0.627
  5.390   0.635
  5.400   0.642
  5.410   0.650
  5.420   0.658
  5.430   0.665
  5.440   0.673
  5.450   0.680
  5.460   0.687
  5.470   0.694
  5.480   0.702
  5.490   0.709
  5.500   0.716
  5.510   0.723
  5.520   0.730
  5.530   0.736
  5.540   0.743
  5.550   0.750
  5.560   0.756
  5.570   0.763
  5.580   0.769
  5.590   0.776
  5.600   0.782
  5.610   0.788
  5.620   0.794
  5.630   0.800
  5.640   0.806
  5.650   0.812
  5.660   0.818
  5.670   0.824
  5.680   0.829
  5.690   0.835
  5.700   0.840
  5.710   0.846
  5.720   0.851
  5.730   0.856
  5.740   0.861
  5.750   0.866
  5.760   0.871
  5.770   0.876
  5.780   0.881
  5.790   0.886
  5.800   0.890
  5.810   0.895
  5.820   0.899
  5.830   0.903
  5.840   0.908
  5.850   0.912
  5.860   0.916
  5.870   0.920
  5.880   0.924
  5.890   0.927
  5.900   0.931
  5.910   0.935
  5.920   0.938
  5.930   0.942
  5.940   0.945
  5.950   0.948
  5.960   0.951
  5.970   0.954
  5.980   0.957
  5.990   0.960
  6.000   0.963
  6.010   0.966
  6.020   0.968
  6.030   0.971
  6.040   0.973
  6.050   0.975
  6.060   0.977
  6.070   0.979
  6.080   0.981
  6.090   0.983
  6.100   0.985
  6.110   0.987
  6.120   0.988
  6.130   0.990
  6.140   0.991
  6.150   0.992
  6.160   0.994
  6.170   0.995
  6.180   0.996
  6.190   0.997
  6.200   0.997
  6.210   0.998
  6.220   0.999
  6.230   0.999
  6.240   0.999
  6.250   1.000
  6.260   1.000
  6.270   1.000
  6.280   1.000
  6.290   1.000
  6.300   1.000
  6.310   0.999
  6.320   0.999
  6.330   0.998
  6.340   0.998
  6.350   0.997
  6.360   0.996
  6.370   0.995
  6.380   0.994
  6.390   0.993
  6.400   0.992
  6.410   0.991
  6.420   0.989
  6.430   0.988
  6.440   0.986
  6.450   0.984
  6.460   0.983
  6.470   0.981
  6.480   0.979
  6.490   0.977
  6.500   0.974
  6.510   0.972
  6.520   0.970
  6.530   0.967
  6.540   0.965
  6.550   0.962
  6.560   0.959
  6.570   0.956
  6.580   0.953
  6.590   0.950
  6.600   0.947
  6.610   0.944
  6.620   0.940
  6.630   0.937
  6.640   0.933
  6.650   0.930
  6.660   0.926
  6.670   0.922
  6.680   0.918
  6.690   0.914
  6.700   0.910
  6.710   0.906
  6.720   0.902
  6.730   0.897
  6.740   0.893
  6.750   0.888
  6.760   0.884
  6.770   0.879
  6.780   0.874
  6.790   0.869
  6.800   0.864
  6.810   0.859
  6.820   0.854
  6.830   0.849
  6.840   0.844
  6.850   0.838
  6.860   0.833
  6.870   0.827
  6.880   0.821
  6.890   0.816
  6.900   0.810
  6.910   0.804
  6.920   0.798
  6.930   0.792
  6.940   0.786
  6.950   0.780
  6.960   0.773
  6.970   0.767
  6.980   0.760
  6.990   0.754
  7.000   0.747
  7.010   0.741
  7.020   0.734
  7.030   0.727
  7.040   0.720
  7.050   0.713
  7.060   0.706
  7.070   0.699
  7.080   0.692
  7.090   0.685
  7.100   0.677
  7.110   0.670
  7.120   0.662
  7.130   0.655
  7.140   0.647
  7.150   0.640
  7.160   0.632
  7.170   0.624
  7.180   0.616
  7.190   0.608
  7.200   0.600
  7.210   0.592
  7.220   0.584
  7.230   0.576
  7.240   0.568
  7.250   0.560
  7.260   0.551
  7.270   0.543
  7.280   0.535
  7.290   0.526
  7.300   0.518
  7.310   0.509
  7.320   0.500
  7.330   0.492
  7.340   0.483
  7.350   0.474
  7.360   0.465
  7.370   0.456
  7.380   0.447
  7.390   0.439
  7.400   0.430
  7.410   0.420
  7.420   0.411
  7.430   0.402
  7.440   0.393
  7.450   0.384
  7.460   0.375
  7.470   0.365
  7.480   0.356
  7.490   0.347
  7.500   0.337
  7.510   0.328
  7.520   0.318
  7.530   0.309
  7.540   0.299
  7.550   0.290
  7.560   0.280
  7.570   0.271
  7.580   0.261
  7.590   0.251
  7.600   0.242
  7.610   0.232
  7.620   0.222
  7.630   0.212
  7.640   0.203
  7.650   0.193
  7.660   0.183
  7.670   0.173
  7.680   0.163
  7.690   0.153
  7.700   0.143
  7.710   0.134
  7.720   0.124
  7.730   0.114
  7.740   0.104
  7.750   0.094
  7.760   0.084
  7.770   0.074
  7.780   0.064
  7.790   0.054
  7.800   0.044
  7.810   0.034
  7.820   0.024
  7.830   0.014
  7.840   0.004
  7.850  -0.006
  7.860  -0.016
  7.870  -0.026
  7.880  -0.036
  7.890  -0.046
  7.900  -0.056
  7.910  -0.066
  7.920  -0.076
  7.930  -0.086
  7.940  -0.096
  7.950  -0.106
  7.960  -0.116
  7.970  -0.126
  7.980  -0.136
  7.990  -0.146
  8.000  -0.155
  8.010  -0.165
  8.020  -0.175
  8.030  -0.185
  8.040  -0.195
  8.050  -0.205
  8.060  -0.214
  8.070  -0.224
  8.080  -0.234
  8.090  -0.244
  8.100  -0.253
  8.110  -0.263
  8.120  -0.273
  8.130  -0.282
  8.140  -0.292
  8.150  -0.301
  8.160  -0.311
  8.170  -0.320
  8.180  -0.330
  8.190  -0.339
  8.200  -0.349
  8.210  -0.358
  8.220  -0.367
  8.230  -0.377
  8.240  -0.386
  8.250  -0.395
  8.260  -0.404
  8.270  -0.413
  8.280  -0.422
  8.290  -0.431
  8.300  -0.440
  8.310  -0.449
  8.320  -0.458
  8.330  -0.467
  8.340  -0.476
  8.350  -0.485
  8.360  -0.493
  8.370  -0.502
  8.380  -0.511
  8.390  -0.519
  8.400  -0.528
  8.410  -0.536
  8.420  -0.545
  8.430  -0.553
  8.440  -0.561
  8.450  -0.570
  8.460  -0.578
  8.470  -0.586
  8.480  -0.594
  8.490  -0.602
  8.500  -0.610
  8.510  -0.618
  8.520  -0.626
  8.530  -0.633
  8.540  -0.641
  8.550  -0.649
  8.560  -0.656
  8.570  -0.664
  8.580  -0.671
  8.590  -0.679
  8.600  -0.686
  8.610  -0.693
  8.620  -0.700
  8.630  -0.708
  8.640  -0.715
  8.650  -0.722
  8.660  -0.728
  8.670  -0.735
  8.680  -0.742
  8.690  -0.749
  8.700  -0.755
  8.710  -0.762
  8.720  -0.768
  8.730  -0.775
  8.740  -0.781
  8.750  -0.787
  8.760  -0.793
  8.770  -0.799
  8.780  -0.805
  8.790  -0.811
  8.800  -0.817
  8.810  -0.823
  8.820  -0.828
  8.830  -0.834
  8.840  -0.839
  8.850  -0.845
  8.860  -0.850
  8.870  -0.855
  8.880  -0.860
  8.890  -0.865
  8.900  -0.870
  8.910  -0.875
  8.920  -0.880
  8.930  -0.885
  8.940  -0.889
  8.950  -0.894
  8.960  -0.898
  8.970  -0.903
  8.980  -0.907
  8.990  -0.911
  9.000  -0.915
  9.010  -0.919
  9.020  -0.923
  9.030  -0.927
  9.040  -0.931
  9.050  -0.934
  9.060  -0.938
  9.070  -0.941
  9.080  -0.944
  9.090  -0.948
  9.100  -0.951
  9.110  -0.954
  9.120  -0.957
  9.130  -0.960
  9.140  -0.962
  9.150  -0.965
  9.160  -0.968
  9.170  -0.970
  9.180  -0.973
  9.190  -0.975
  9.200  -0.977
  9.210  -0.979
  9.220  -0.981
  9.230  -0.983
  9.240  -0.985
  9.250  -0.986
  9.260  -0.988
  9.270  -0.990
  9.280  -0.991
  9.290  -0.992
  9.300  -0.993
  9.310  -0.995
  9.320  -0.996
  9.330  -0.996
  9.340  -0.997
  9.350  -0.998
  9.360  -0.999
  9.370  -0.999
  9.380  -0.999
  9.390  -1.000
  9.400  -1.000
  9.410  -1.000
  9.420  -1.000
  9.430  -1.000
  9.440  -1.000
  9.450  -0.999
  9.460  -0.999
  9.470  -0.998
  9.480  -0.998
  9.490  -0.997
  9.500  -0.996
  9.510  -0.995
  9.520  -0.994
  9.530  -0.993
  9.540  -0.992
  9.550  -0.991
  9.560  -0.989
  9.570  -0.988
  9.580  -0.986
  9.590  -0.985
  9.600  -0.983
  9.610  -0.981
  9.620  -0.979
  9.630  -0.977
  9.640  -0.975
  9.650  -0.972
  9.660  -0.970
  9.670  -0.968
  9.680  -0.965
  9.690  -0.962
  9.700  -0.960
  9.710  -0.957
  9.720  -0.954
  9.730  -0.951
  9.740  -0.948
  9.750  -0.944
  9.760  -0.941
  9.770  -0.938
  9.780  -0.934
  9.790  -0.930
  9.800  -0.927
  9.810  -0.923
  9.820  -0.919
  9.830  -0.915
  9.840  -0.911
  9.850  -0.907
  9.860  -0.902
  9.870  -0.898
  9.880  -0.894
  9.890  -0.889
  9.900  -0.885
  9.910  -0.880
  9.920  -0.875
  9.930  -0.870
  9.940  -0.865
  9.950  -0.860
  9.960  -0.855
  9.970  -0.850
  9.980  -0.844
  9.990  -0.839
 10.000  -0.834
 10.010  -0.828
 10.020  -0.822
 10.030  -0.817
 10.040  -0.811
 10.050  -0.805
 10.060  -0.799
 10.070  -0.793
 10.080  -0.787
 10.090  -0.781
 10.100  -0.774
 10.110  -0.768
 10.120  -0.761
 10.130  -0.755
 10.140  -0.748
 10.150  -0.742
 10.160  -0.735
 10.170  -0.728
 10.180  -0.721
 10.190  -0.714
 10.200  -0.707
 10.210  -0.700
 10.220  -0.693
 10.230  -0.686
 10.240  -0.678
 10.250  -0.671
 10.260  -0.664
 10.270  -0.656
 10.280  -0.648
 10.290  -0.641
 10.300  -0.633
 10.310  -0.625
 10.320  -0.617
 10.330  -0.610
 10.340  -0.602
 10.350  -0.594
 10.360  -0.586
 10.370  -0.577
 10.380  -0.569
 10.390  -0.561
 10.400  -0.553
 10.410  -0.544
 10.420  -0.536
 10.430  -0.527
 10.440  -0.519
 10.450  -0.510
 10.460  -0.502
 10.470  -0.493
 10.480  -0.484
 10.490  -0.475
 10.500  -0.467
 10.510  -0.458
 10.520  -0.449
 10.530  -0.440
 10.540  -0.431
 10.550  -0.422
 10.560  -0.413
 10.570  -0.404
 10.580  -0.395
 10.590  -0.385
 10.600  -0.376
 10.610  -0.367
 10.620  -0.357
 10.630  -0.348
 10.640  -0.339
 10.650  -0.329
 10.660  -0.320
 10.670  -0.310
 10.680  -0.301
 10.690  -0.291
 10.700  -0.282
 10.710  -0.272
 10.720  -0.262
 10.730  -0.253
 10.740  -0.243
 10.750  -0.233
 10.760  -0.224
 10.770  -0.214
 10.780  -0.204
 10.790  -0.194
 10.800  -0.184
 10.810  -0.175
 10.820  -0.165
 10.830  -0.155
 10.840  -0.145
 10.850  -0.135
 10.860  -0.125
 10.870  -0.115
 10.880  -0.105
 10.890  -0.095
 10.900  -0.085
 10.910  -0.075
 10.920  -0.065
 10.930  -0.056
 10.940  -0.046
 10.950  -0.036
 10.960  -0.026
 10.970  -0.016
 10.980  -0.006
 10.990   0.004
 11.000   0.014
 11.010   0.024
 11.020   0.034
 11.030   0.044
 11.040   0.054
 11.050   0.064
 11.060   0.074
 11.070   0.084
 11.080   0.094
 11.090   0.104
 11.100   0.114
 11.110   0.124
 11.120   0.134
 11.130   0.144
 11.140   0.154
 11.150   0.164
 11.160   0.174
 11.170   0.183
 11.180   0.193
 11.190   0.203
 11.200   0.213
 11.210   0.223
 11.220   0.232
 11.230   0.242
 11.240   0.252
 11.250   0.261
 11.260   0.271
 11.270   0.281
 11.280   0.290
 11.290   0.300
 11.300   0.309
 11.310   0.319
 11.320   0.328
 11.330   0.338
 11.340   0.347
 11.350   0.356
 11.360   0.366
 11.370   0.375
 11.380   0.384
 11.390   0.394
 11.400   0.403
 11.410   0.412
 11.420   0.421
 11.430   0.430
 11.440   0.439
 11.450   0.448
 11.460   0.457
 11.470   0.466
 11.480   0.475
 11.490   0.483
 11.500   0.492
 11.510   0.501
 11.520   0.509
 11.530   0.518
 11.540   0.526
 11.550   0.535
 11.560   0.543
 11.570   0.552
 11.580   0.560
 11.590   0.568
 11.600   0.577
 11.610   0.585
 11.620   0.593
 11.630   0.601
 11.640   0.609
 11.650   0.617
 11.660   0.624
 11.670   0.632
 11.680   0.640
 11.690   0.648
 11.700   0.655
 11.710   0.663
 11.720   0.670
 11.730   0.678
 11.740   0.685
 11.750   0.692
 11.760   0.699
 11.770   0.706
 11.780   0.713
 11.790   0.720
 11.800   0.727
 11.810   0.734
 11.820   0.741
 11.830   0.748
 11.840   0.754
 11.850   0.761
 11.860   0.767
 11.870   0.774
 11.880   0.780
 11.890   0.786
 11.900   0.792
 11.910   0.798
 11.920   0.804
 11.930   0.810
 11.940   0.816
 11.950   0.822
 11.960   0.827
 11.970   0.833
 11.980   0.838
 11.990   0.844
 12.000   0.849
 12.010   0.854
 12.020   0.860
 12.030   0.865
 12.040   0.870
 12.050   0.875
 12.060   0.879
 12.070   0.884
 12.080   0.889
 12.090   0.893
 12.100   0.898
 12.110   0.902
 12.120   0.906
 12.130   0.910
 12.140   0.915
 12.150   0.919
 12.160   0.922
 12.170   0.926
 12.180   0.930
 12.190   0.934
 12.200   0.937
 12.210   0.941
 12.220   0.944
 12.230   0.947
 12.240   0.950
 12.250   0.953
 12.260   0.956
 12.270   0.959
 12.280   0.962
 12.290   0.965
 12.300   0.967
 12.310   0.970
 12.320   0.972
 12.330   0.974
 12.340   0.977
 12.350   0.979
 12.360   0.981
 12.370   0.983
 12.380   0.984
 12.390   0.986
 12.400   0.988
 12.410   0.989
 12.420   0.991
 12.430   0.992
 12.440   0.993
 12.450   0.994
 12.460   0.995
 12.470   0.996
 12.480   0.997
 12.490   0.998
 12.500   0.998
 12.510   0.999
 12.520   0.999
 12.530   1.000
 12.540   1.000
 12.550   1.000
 12.560   1.000
 12.570   1.000
 12.580   1.000
 12.590   0.999
 12.600   0.999
 12.610   0.999
 12.620   0.998
 12.630   0.997
 12.640   0.997
 12.650   0.996
 12.660   0.995
 12.670   0.994
 12.680   0.992
 12.690   0.991
 12.700   0.990
 12.710   0.988
 12.720   0.987
 12.730   0.985
 12.740   0.983
 12.750   0.981
 12.760   0.979
 12.770   0.977
 12.780   0.975
 12.790   0.973
 12.800   0.970
 12.810   0.968
 12.820   0.965
 12.830   0.963
 12.840   0.960
 12.850   0.957
 12.860   0.954
 12.870   0.951
 12.880   0.948
 12.890   0.945
 12.900   0.942
 12.910   0.938
 12.920   0.935
 12.930   0.931
 12.940   0.927
 12.950   0.924
 12.960   0.920
 12.970   0.916
 12.980   0.912
 12.990   0.907
 13.000   0.903
 13.010   0.899
 13.020   0.894
 13.030   0.890
 13.040   0.885
 13.050   0.881
 13.060   0.876
 13.070   0.871
 13.080   0.866
 13.090   0.861
 13.100   0.856
 13.110   0.851
 13.120   0.845
 13.130   0.840
 13.140   0.834
 13.150   0.829
 13.160   0.823
 13.170   0.818
 13.180   0.812
 13.190   0.806
 13.200   0.800
 13.210   0.794
 13.220   0.788
 13.230   0.782
 13.240   0.775
 13.250   0.769
 13.260   0.762
 13.270   0.756
 13.280   0.749
 13.290   0.743
 13.300   0.736
 13.310   0.729
 13.320   0.722
 13.330   0.715
 13.340   0.708
 13.350   0.701
 13.360   0.694
 13.370   0.687
 13.380   0.680
 13.390   0.672
 13.400   0.665
 13.410   0.657
 13.420   0.650
 13.430   0.642
 13.440   0.634
 13.450   0.627
 13.460   0.619
 13.470   0.611
 13.480   0.603
 13.490   0.595
 13.500   0.587
 13.510   0.579
 13.520   0.570
 13.530   0.562
 13.540   0.554
 13.550   0.546
 13.560   0.537
 13.570   0.529
 13.580   0.520
 13.590   0.512
 13.600   0.503
 13.610   0.494
 13.620   0.486
 13.630   0.477
 13.640   0.468
 13.650   0.459
 13.660   0.450
 13.670   0.441
 13.680   0.432
 13.690   0.423
 13.700   0.414
 13.710   0.405
 13.720   0.396
 13.730   0.387
 13.740   0.378
 13.750   0.368
 13.760   0.359
 13.770   0.350
 13.780   0.340
 13.790   0.331
 13.800   0.321
 13.810   0.312
 13.820   0.302
 13.830   0.293
 13.840   0.283
 13.850   0.274
 13.860   0.264
 13.870   0.254
 13.880   0.245
 13.890   0.235
 13.900   0.225
 13.910   0.215
 13.920   0.206
 13.930   0.196
 13.940   0.186
 13.950   0.176
 13.960   0.166
 13.970   0.156
 13.980   0.147
 13.990   0.137
 14.000   0.127
 14.010   0.117
 14.020   0.107
 14.030   0.097
 14.040   0.087
 14.050   0.077
 14.060   0.067
 14.070   0.057
 14.080   0.047
 14.090   0.037
 14.100   0.027
 14.110   0.017
 14.120   0.007
 14.130  -0.003
 14.140  -0.013
 14.150  -0.023
 14.160  -0.033
 14.170  -0.043
 14.180  -0.053
 14.190  -0.063
 14.200  -0.073
 14.210  -0.083
 14.220  -0.093
 14.230  -0.103
 14.240  -0.113
 14.250  -0.123
 14.260  -0.133
 14.270  -0.142
 14.280  -0.152
 14.290  -0.162
 14.300  -0.172
 14.310  -0.182
 14.320  -0.192
 14.330  -0.202
 14.340  -0.211
 14.350  -0.221
 14.360  -0.231
 14.370  -0.241
 14.380  -0.250
 14.390  -0.260
 14.400  -0.270
 14.410  -0.279
 14.420  -0.289
 14.430  -0.298
 14.440  -0.308
 14.450  -0.317
 14.460  -0.327
 14.470  -0.336
 14.480  -0.346
 14.490  -0.355
 14.500  -0.364
 14.510  -0.374
 14.520  -0.383
 14.530  -0.392
 14.540  -0.401
 14.550  -0.410
 14.560  -0.419
 14.570  -0.429
 14.580  -0.438
 14.590  -0.447
 14.600  -0.455
 14.610  -0.464
 14.620  -0.473
 14.630  -0.482
 14.640  -0.491
 14.650  -0.499
 14.660  -0.508
 14.670  -0.517
 14.680  -0.525
 14.690  -0.534
 14.700  -0.542
 14.710  -0.550
 14.720  -0.559
 14.730  -0.567
 14.740  -0.575
 14.750  -0.583
 14.760  -0.591
 14.770  -0.600
 14.780  -0.607
 14.790  -0.615
 14.800  -0.623
 14.810  -0.631
 14.820  -0.639
 14.830  -0.646
 14.840  -0.654
 14.850  -0.662
 14.860  -0.669
 14.870  -0.676
 14.880  -0.684
 14.890  -0.691
 14.900  -0.698
 14.910  -0.705
 14.920  -0.712
 14.930  -0.719
 14.940  -0.726
 14.950  -0.733
 14.960  -0.740
 14.970  -0.747
 14.980  -0.753
 14.990  -0.760
 15.000  -0.766
 15.010  -0.773
 15.020  -0.779
 15.030  -0.785
 15.040  -0.791
 15.050  -0.797
 15.060  -0.803
 15.070  -0.809
 15.080  -0.815
 15.090  -0.821
 15.100  -0.827
 15.110  -0.832
 15.120  -0.838
 15.130  -0.843
 15.140  -0.848
 15.150  -0.854
 15.160  -0.859
 15.170  -0.864
 15.180  -0.869
 15.190  -0.874
 15.200  -0.879
 15.210  -0.883
 15.220  -0.888
 15.230  -0.893
 15.240  -0.897
 15.250  -0.901
 15.260  -0.906
 15.270  -0.910
 15.280  -0.914
 15.290  -0.918
 15.300  -0.922
 15.310  -0.926
 15.320  -0.929
 15.330  -0.933
 15.340  -0.937
 15.350  -0.940
 15.360  -0.943
 15.370  -0.947
 15.380  -0.950
 15.390  -0.953
 15.400  -0.956
 15.410  -0.959
 15.420  -0.962
 15.430  -0.964
 15.440  -0.967
 15.450  -0.969
 15.460  -0.972
 15.470  -0.974
 15.480  -0.976
 15.490  -0.978
 15.500  -0.980
 15.510  -0.982
 15.520  -0.984
 15.530  -0.986
 15.540  -0.988
 15.550  -0.989
 15.560  -0.991
 15.570  -0.992
 15.580  -0.993
 15.590  -0.994
 15.600  -0.995
 15.610  -0.996
 15.620  -0.997
 15.630  -0.998
 15.640  -0.998
 15.650  -0.999
 15.660  -0.999
 15.670  -1.000
 15.680  -1.000
 15.690  -1.000
 15.700  -1.000
 15.710  -1.000
 15.720  -1.000
 15.730  -0.999
 15.740  -0.999
 15.750  -0.999
 15.760  -0.998
 15.770  -0.997
 15.780  -0.997
 15.790  -0.996
 15.800  -0.995
 15.810  -0.994
 15.820  -0.993
 15.830  -0.991
 15.840  -0.990
 15.850  -0.988
 15.860  -0.987
 15.870  -0.985
 15.880  -0.983
 15.890  -0.982
 15.900  -0.980
 15.910  -0.978
 15.920  -0.975
 15.930  -0.973
 15.940  -0.971
 15.950  -0.968
 15.960  -0.966
 15.970  -0.963
 15.980  -0.960
 15.990  -0.958
 16.000  -0.955
 16.010  -0.952
 16.020  -0.949
 16.030  -0.945
 16.040  -0.942
 16.050  -0.939
 16.060  -0.935
 16.070  -0.932
 16.080  -0.928
 16.090  -0.924
 16.100  -0.920
 16.110  -0.916
 16.120  -0.912
 16.130  -0.908
 16.140  -0.904
 16.150  -0.900
 16.160  -0.895
 16.170  -0.891
 16.180  -0.886
 16.190  -0.881
 16.200  -0.877
 16.210  -0.872
 16.220  -0.867
 16.230  -0.862
 16.240  -0.857
 16.250  -0.851
 16.260  -0.846
 16.270  -0.841
 16.280  -0.835
 16.290  -0.830
 16.300  -0.824
 16.310  -0.818
 16.320  -0.813
 16.330  -0.807
 16.340  -0.801
 16.350  -0.795
 16.360  -0.789
 16.370  -0.783
 16.380  -0.776
 16.390  -0.770
 16.400  -0.763
 16.410  -0.757
 16.420  -0.750
 16.430  -0.744
 16.440  -0.737
 16.450  -0.730
 16.460  -0.723
 16.470  -0.716
 16.480  -0.709
 16.490  -0.702
 16.500  -0.695
 16.510  -0.688
 16.520  -0.681
 16.530  -0.673
 16.540  -0.666
 16.550  -0.658
 16.560  -0.651
 16.570  -0.643
 16.580  -0.636
 16.590  -0.628
 16.600  -0.620
 16.610  -0.612
 16.620  -0.604
 16.630  -0.596
 16.640  -0.588
 16.650  -0.580
 16.660  -0.572
 16.670  -0.564
 16.680  -0.555
 16.690  -0.547
 16.700  -0.539
 16.710  -0.530
 16.720  -0.522
 16.730  -0.513
 16.740  -0.504
 16.750  -0.496
 16.760  -0.487
 16.770  -0.478
 16.780  -0.469
 16.790  -0.461
 16.800  -0.452
 16.810  -0.443
 16.820  -0.434
 16.830  -0.425
 16.840  -0.416
 16.850  -0.407
 16.860  -0.397
 16.870  -0.388
 16.880  -0.379
 16.890  -0.370
 16.900  -0.360
 16.910  -0.351
 16.920  -0.342
 16.930  -0.332
 16.940  -0.323
 16.950  -0.313
 16.960  -0.304
 16.970  -0.294
 16.980  -0.285
 16.990  -0.275
 17.000  -0.265
 17.010  -0.256
 17.020  -0.246
 17.030  -0.236
 17.040  -0.227
 17.050  -0.217
 17.060  -0.207
 17.070  -0.197
 17.080  -0.188
 17.090  -0.178
 17.100  -0.168
 17.110  -0.158
 17.120  -0.148
 17.130  -0.138
 17.140  -0.128
 17.150  -0.118
 17.160  -0.108
 17.170  -0.099
 17.180  -0.089
 17.190  -0.079
 17.200  -0.069
 17.210  -0.059
 17.220  -0.049
 17.230  -0.039
 17.240  -0.029
 17.250  -0.019
 17.260  -0.009
 17.270   0.001
 17.280   0.011
 17.290   0.021
 17.300   0.031
 17.310   0.041
 17.320   0.051
 17.330   0.061
 17.340   0.071
 17.350   0.081
 17.360   0.091
 17.370   0.101
 17.380   0.111
 17.390   0.121
 17.400   0.131
 17.410   0.141
 17.420   0.151
 17.430   0.161
 17.440   0.170
 17.450   0.180
 17.460   0.190
 17.470   0.200
 17.480   0.210
 17.490   0.220
 17.500   0.229
 17.510   0.239
 17.520   0.249
 17.530   0.258
 17.540   0.268
 17.550   0.278
 17.560   0.287
 17.570   0.297
 17.580   0.306
 17.590   0.316
 17.600   0.325
 17.610   0.335
 17.620   0.344
 17.630   0.354
 17.640   0.363
 17.650   0.372
 17.660   0.381
 17.670   0.391
 17.680   0.400
 17.690   0.409
 17.700   0.418
 17.710   0.427
 17.720   0.436
 17.730   0.445
 17.740   0.454
 17.750   0.463
 17.760   0.472
 17.770   0.481
 17.780   0.489
 17.790   0.498
 17.800   0.507
 17.810   0.515
 17.820   0.524
 17.830   0.532
 17.840   0.541
 17.850   0.549
 17.860   0.557
 17.870   0.566
 17.880   0.574
 17.890   0.582
 17.900   0.590
 17.910   0.598
 17.920   0.606
 17.930   0.614
 17.940   0.622
 17.950   0.630
 17.960   0.638
 17.970   0.645
 17.980   0.653
 17.990   0.660
 18.000   0.668
 18.010   0.675
 18.020   0.683
 18.030   0.690
 18.040   0.697
 18.050   0.704
 18.060   0.711
 18.070   0.718
 18.080   0.725
 18.090   0.732
 18.100   0.739
 18.110   0.746
 18.120   0.752
 18.130   0.759
 18.140   0.765
 18.150   0.772
 18.160   0.778
 18.170   0.784
 18.180   0.790
 18.190   0.796
 18.200   0.802
 18.210   0.808
 18.220   0.814
 18.230   0.820
 18.240   0.826
 18.250   0.831
 18.260   0.837
 18.270   0.842
 18.280   0.848
 18.290   0.853
 18.300   0.858
 18.310   0.863
 18.320   0.868
 18.330   0.873
 18.340   0.878
 18.350   0.883
 18.360   0.887
 18.370   0.892
 18.380   0.896
 18.390   0.901
 18.400   0.905
 18.410   0.909
 18.420   0.913
 18.430   0.917
 18.440   0.921
 18.450   0.925
 18.460   0.929
 18.470   0.933
 18.480   0.936
 18.490   0.940
 18.500   0.943
 18.510   0.946
 18.520   0.949
 18.530   0.952
 18.540   0.955
 18.550   0.958
 18.560   0.961
 18.570   0.964
 18.580   0.967
 18.590   0.969
 18.600   0.971
 18.610   0.974
 18.620   0.976
 18.630   0.978
 18.640   0.980
 18.650   0.982
 18.660   0.984
 18.670   0.986
 18.680   0.987
 18.690   0.989
 18.700   0.990
 18.710   0.992
 18.720   0.993
 18.730   0.994
 18.740   0.995
 18.750   0.996
 18.760   0.997
 18.770   0.998
 18.780   0.998
 18.790   0.999
 18.800   0.999
 18.810   1.000
 18.820   1.000
 18.830   1.000
 18.840   1.000
 18.850   1.000
 18.860   1.000
 18.870   1.000
 18.880   0.999
 18.890   0.999
 18.900   0.998
 18.910   0.998
 18.920   0.997
 18.930   0.996
 18.940   0.995
 18.950   0.994
 18.960   0.993
 18.970   0.991
 18.980   0.990
 18.990   0.989
 19.000   0.987
 19.010   0.985
 19.020   0.984
 19.030   0.982
 19.040   0.980
 19.050   0.978
 19.060   0.976
 19.070   0.974
 19.080   0.971
 19.090   0.969
 19.100   0.966
 19.110   0.964
 19.120   0.961
 19.130   0.958
 19.140   0.955
 19.150   0.952
 19.160   0.949
 19.170   0.946
 19.180   0.943
 19.190   0.939
 19.200   0.936
 19.210   0.932
 19.220   0.928
 19.230   0.925
 19.240   0.921
 19.250   0.917
 19.260   0.913
 19.270   0.909
 19.280   0.905
 19.290   0.900
 19.300   0.896
 19.310   0.891
 19.320   0.887
 19.330   0.882
 19.340   0.877
 19.350   0.872
 19.360   0.868
 19.370   0.863
 19.380   0.857
 19.390   0.852
 19.400   0.847
 19.410   0.842
 19.420   0.836
 19.430   0.831
 19.440   0.825
 19.450   0.819
 19.460   0.814
 19.470   0.808
 19.480   0.802
 19.490   0.796
 19.500   0.790
 19.510   0.783
 19.520   0.777
 19.530   0.771
 19.540   0.765
 19.550   0.758
 19.560   0.751
 19.570   0.745
 19.580   0.738
 19.590   0.731
 19.600   0.724
 19.610   0.718
 19.620   0.711
 19.630   0.703
 19.640   0.696
 19.650   0.689
 19.660   0.682
 19.670   0.674
 19.680   0.667
 19.690   0.660
 19.700   0.652
 19.710   0.644
 19.720   0.637
 19.730   0.629
 19.740   0.621
 19.750   0.613
 19.760   0.605
 19.770   0.597
 19.780   0.589
 19.790   0.581
 19.800   0.573
 19.810   0.565
 19.820   0.557
 19.830   0.548
 19.840   0.540
 19.850   0.531
 19.860   0.523
 19.870   0.514
 19.880   0.506
 19.890   0.497
 19.900   0.488
 19.910   0.480
 19.920   0.471
 19.930   0.462
 19.940   0.453
 19.950   0.444
 19.960   0.435
 19.970   0.426
 19.980   0.417
 19.990   0.408
 20.000   0.399
 20.010   0.390
 20.020   0.380
 20.030   0.371
 20.040   0.362
 20.050   0.353
 20.060   0.343
 20.070   0.334
 20.080   0.324
 20.090   0.315
 20.100   0.305
 20.110   0.296
 20.120   0.286
 20.130   0.277
 20.140   0.267
 20.150   0.257
 20.160   0.248
 20.170   0.238
 20.180   0.228
 20.190   0.218
 20.200   0.209
 20.210   0.199
 20.220   0.189
 20.230   0.179
 20.240   0.169
 20.250   0.160
 20.260   0.150
 20.270   0.140
 20.280   0.130
 20.290   0.120
 20.300   0.110
 20.310   0.100
 20.320   0.090
 20.330   0.080
 20.340   0.070
 20.350   0.060
 20.360   0.050
 20.370   0.040
 20.380   0.030
 20.390   0.020
 20.400   0.010
 20.410   0.000
 20.420  -0.010
 20.430  -0.020
 20.440  -0.030
 20.450  -0.040
 20.460  -0.050
 20.470  -0.060
 20.480  -0.070
 20.490  -0.080
 20.500  -0.090
 20.510  -0.100
 20.520  -0.110
 20.530  -0.119
 20.540  -0.129
 20.550  -0.139
 20.560  -0.149
 20.570  -0.159
 20.580  -0.169
 20.590  -0.179
 20.600  -0.189
 20.610  -0.198
 20.620  -0.208
 20.630  -0.218
 20.640  -0.228
 20.650  -0.237
 20.660  -0.247
 20.670  -0.257
 20.680  -0.266
 20.690  -0.276
 20.700  -0.286
 20.710  -0.295
 20.720  -0.305
 20.730  -0.314
 20.740  -0.324
 20.750  -0.333
 20.760  -0.343
 20.770  -0.352
 20.780  -0.361
 20.790  -0.371
 20.800  -0.380
 20.810  -0.389
 20.820  -0.398
 20.830  -0.408
 20.840  -0.417
 20.850  -0.426
 20.860  -0.435
 20.870  -0.444
 20.880  -0.453
 20.890  -0.462
 20.900  -0.470
 20.910  -0.479
 20.920  -0.488
 20.930  -0.497
 20.940  -0.505
 20.950  -0.514
 20.960  -0.522
 20.970  -0.531
 20.980  -0.539
 20.990  -0.548
 21.000  -0.556
 21.010  -0.564
 21.020  -0.573
 21.030  -0.581
 21.040  -0.589
 21.050  -0.597
 21.060  -0.605
 21.070  -0.613
 21.080  -0.621
 21.090  -0.629
 21.100  -0.636
 21.110  -0.644
 21.120  -0.652
 21.130  -0.659
 21.140  -0.667
 21.150  -0.674
 21.160  -0.681
 21.170  -0.689
 21.180  -0.696
 21.190  -0.703
 21.200  -0.710
 21.210  -0.717
 21.220  -0.724
 21.230  -0.731
 21.240  -0.738
 21.250  -0.744
 21.260  -0.751
 21.270  -0.758
 21.280  -0.764
 21.290  -0.771
 21.300  -0.777
 21.310  -0.783
 21.320  -0.789
 21.330  -0.795
 21.340  -0.801
 21.350  -0.807
 21.360  -0.813
 21.370  -0.819
 21.380  -0.825
 21.390  -0.830
 21.400  -0.836
 21.410  -0.841
 21.420  -0.847
 21.430  -0.852
 21.440  -0.857
 21.450  -0.862
 21.460  -0.867
 21.470  -0.872
 21.480  -0.877
 21.490  -0.882
 21.500  -0.887
 21.510  -0.891
 21.520  -0.896
 21.530  -0.900
 21.540  -0.904
 21.550  -0.909
 21.560  -0.913
 21.570  -0.917
 21.580  -0.921
 21.590  -0.925
 21.600  -0.928
 21.610  -0.932
 21.620  -0.936
 21.630  -0.939
 21.640  -0.942
 21.650  -0.946
 21.660  -0.949
 21.670  -0.952
 21.680  -0.955
 21.690  -0.958
 21.700  -0.961
 21.710  -0.963
 21.720  -0.966
 21.730  -0.969
 21.740  -0.971
 21.750  -0.973
 21.760  -0.976
 21.770  -0.978
 21.780  -0.980
 21.790  -0.982
 21.800  -0.984
 21.810  -0.985
 21.820  -0.987
 21.830  -0.989
 21.840  -0.990
 21.850  -0.991
 21.860  -0.993
 21.870  -0.994
 21.880  -0.995
 21.890  -0.996
 21.900  -0.997
 21.910  -0.997
 21.920  -0.998
 21.930  -0.999
 21.940  -0.999
 21.950  -1.000
 21.960  -1.000
 21.970  -1.000
 21.980  -1.000
 21.990  -1.000
 22.000  -1.000
 22.010  -1.000
 22.020  -0.999
 22.030  -0.999
 22.040  -0.998
 22.050  -0.998
 22.060  -0.997
 22.070  -0.996
 22.080  -0.995
 22.090  -0.994
 22.100  -0.993
 22.110  -0.992
 22.120  -0.990
 22.130  -0.989
 22.140  -0.987
 22.150  -0.986
 22.160  -0.984
 22.170  -0.982
 22.180  -0.980
 22.190  -0.978
 22.200  -0.976
 22.210  -0.974
 22.220  -0.972
 22.230  -0.969
 22.240  -0.967
 22.250  -0.964
 22.260  -0.961
 22.270  -0.959
 22.280  -0.956
 22.290  -0.953
 22.300  -0.950
 22.310  -0.946
 22.320  -0.943
 22.330  -0.940
 22.340  -0.936
 22.350  -0.933
 22.360  -0.929
 22.370  -0.925
 22.380  -0.921
 22.390  -0.918
 22.400  -0.914
 22.410  -0.909
 22.420  -0.905
 22.430  -0.901
 22.440  -0.897
 22.450  -0.892
 22.460  -0.887
 22.470  -0.883
 22.480  -0.878
 22.490  -0.873
 22.500  -0.868
 22.510  -0.863
 22.520  -0.858
 22.530  -0.853
 22.540  -0.848
 22.550  -0.842
 22.560  -0.837
 22.570  -0.832
 22.580  -0.826
 22.590  -0.820
 22.600  -0.814
 22.610  -0.809
 22.620  -0.803
 22.630  -0.797
 22.640  -0.791
 22.650  -0.784
 22.660  -0.778
 22.670  -0.772
 22.680  -0.766
 22.690  -0.759
 22.700  -0.753
 22.710  -0.746
 22.720  -0.739
 22.730  -0.732
 22.740  -0.726
 22.750  -0.719
 22.760  -0.712
 22.770  -0.705
 22.780  -0.697
 22.790  -0.690
 22.800  -0.683
 22.810  -0.676
 22.820  -0.668
 22.830  -0.661
 22.840  -0.653
 22.850  -0.646
 22.860  -0.638
 22.870  -0.630
 22.880  -0.622
 22.890  -0.615
 22.900  -0.607
 22.910  -0.599
 22.920  -0.591
 22.930  -0.583
 22.940  -0.574
 22.950  -0.566
 22.960  -0.558
 22.970  -0.550
 22.980  -0.541
 22.990  -0.533
 23.000  -0.524
 23.010  -0.516
 23.020  -0.507
 23.030  -0.498
 23.040  -0.490
 23.050  -0.481
 23.060  -0.472
 23.070  -0.463
 23.080  -0.455
 23.090  -0.446
 23.100  -0.437
 23.110  -0.428
 23.120  -0.419
 23.130  -0.409
 23.140  -0.400
 23.150  -0.391
 23.160  -0.382
 23.170  -0.373
 23.180  -0.363
 23.190  -0.354
 23.200  -0.345
 23.210  -0.335
 23.220  -0.326
 23.230  -0.316
 23.240  -0.307
 23.250  -0.297
 23.260  -0.288
 23.270  -0.278
 23.280  -0.269
 23.290  -0.259
 23.300  -0.249
 23.310  -0.239
 23.320  -0.230
 23.330  -0.220
 23.340  -0.210
 23.350  -0.200
 23.360  -0.191
 23.370  -0.181
 23.380  -0.171
 23.390  -0.161
 23.400  -0.151
 23.410  -0.141
 23.420  -0.131
 23.430  -0.122
 23.440  -0.112
 23.450  -0.102
 23.460  -0.092
 23.470  -0.082
 23.480  -0.072
 23.490  -0.062
 23.500  -0.052
 23.510  -0.042
 23.520  -0.032
 23.530  -0.022
 23.540  -0.012
 23.550  -0.002
 23.560   0.008
 23.570   0.018
 23.580   0.028
 23.590   0.038
 23.600   0.048
 23.610   0.058
 23.620   0.068
 23.630   0.078
 23.640   0.088
 23.650   0.098
 23.660   0.108
 23.670   0.118
 23.680   0.128
 23.690   0.138
 23.700   0.148
 23.710   0.157
 23.720   0.167
 23.730   0.177
 23.740   0.187
 23.750   0.197
 23.760   0.207
 23.770   0.216
 23.780   0.226
 23.790   0.236
 23.800   0.246
 23.810   0.255
 23.820   0.265
 23.830   0.275
 23.840   0.284
 23.850   0.294
 23.860   0.303
 23.870   0.313
 23.880   0.322
 23.890   0.332
 23.900   0.341
 23.910   0.351
 23.920   0.360
 23.930   0.369
 23.940   0.378
 23.950   0.388
 23.960   0.397
 23.970   0.406
 23.980   0.415
 23.990   0.424
 24.000   0.433
 24.010   0.442
 24.020   0.451
 24.030   0.460
 24.040   0.469
 24.050   0.478
 24.060   0.487
 24.070   0.495
 24.080   0.504
 24.090   0.513
 24.100   0.521
 24.110   0.530
 24.120   0.538
 24.130   0.546
 24.140   0.555
 24.150   0.563
 24.160   0.571
 24.170   0.580
 24.180   0.588
 24.190   0.596
 24.200   0.604
 24.210   0.612
 24.220   0.620
 24.230   0.627
 24.240   0.635
 24.250   0.643
 24.260   0.650
 24.270   0.658
 24.280   0.665
 24.290   0.673
 24.300   0.680
 24.310   0.688
 24.320   0.695
 24.330   0.702
 24.340   0.709
 24.350   0.716
 24.360   0.723
 24.370   0.730
 24.380   0.737
 24.390   0.743
 24.400   0.750
 24.410   0.757
 24.420   0.763
 24.430   0.770
 24.440   0.776
 24.450   0.782
 24.460   0.788
 24.470   0.794
 24.480   0.801
 24.490   0.806
 24.500   0.812
 24.510   0.818
 24.520   0.824
 24.530   0.829
 24.540   0.835
 24.550   0.840
 24.560   0.846
 24.570   0.851
 24.580   0.856
 24.590   0.861
 24.600   0.867
 24.610   0.871
 24.620   0.876
 24.630   0.881
 24.640   0.886
 24.650   0.890
 24.660   0.895
 24.670   0.899
 24.680   0.904
 24.690   0.908
 24.700   0.912
 24.710   0.916
 24.720   0.920
 24.730   0.924
 24.740   0.928
 24.750   0.931
 24.760   0.935
 24.770   0.938
 24.780   0.942
 24.790   0.945
 24.800   0.948
 24.810   0.952
 24.820   0.955
 24.830   0.957
 24.840   0.960
 24.850   0.963
 24.860   0.966
 24.870   0.968
 24.880   0.971
 24.890   0.973
 24.900   0.975
 24.910   0.977
 24.920   0.980
 24.930   0.982
 24.940   0.983
 24.950   0.985
 24.960   0.987
 24.970   0.988
 24.980   0.990
 24.990   0.991
 25.000   0.992
 25.010   0.994
 25.020   0.995
 25.030   0.996
 25.040   0.997
 25.050   0.997
 25.060   0.998
 25.070   0.999
 25.080   0.999
 25.090   0.999
 25.100   1.000
 25.110   1.000
 25.120   1.000
 25.130   1.000
 25.140   1.000
 25.150   1.000
 25.160   0.999
 25.170   0.999
 25.180   0.998
 25.190   0.998
 25.200   0.997
 25.210   0.996
 25.220   0.995
 25.230   0.994
 25.240   0.993
 25.250   0.992
 25.260   0.991
 25.270   0.989
 25.280   0.988
 25.290   0.986
 25.300   0.984
 25.310   0.982
 25.320   0.981
 25.330   0.979
 25.340   0.976
 25.350   0.974
 25.360   0.972
 25.370   0.970
 25.380   0.967
 25.390   0.964
 25.400   0.962
 25.410   0.959
 25.420   0.956
 25.430   0.953
 25.440   0.950
 25.450   0.947
 25.460   0.944
 25.470   0.940
 25.480   0.937
 25.490   0.933
 25.500   0.930
 25.510   0.926
 25.520   0.922
 25.530   0.918
 25.540   0.914
 25.550   0.910
 25.560   0.906
 25.570   0.902
 25.580   0.897
 25.590   0.893
 25.600   0.888
 25.610   0.884
 25.620   0.879
 25.630   0.874
 25.640   0.869
 25.650   0.864
 25.660   0.859
 25.670   0.854
 25.680   0.849
 25.690   0.843
 25.700   0.838
 25.710   0.832
 25.720   0.827
 25.730   0.821
 25.740   0.815
 25.750   0.810
 25.760   0.804
 25.770   0.798
 25.780   0.792
 25.790   0.785
 25.800   0.779
 25.810   0.773
 25.820   0.767
 25.830   0.760
 25.840   0.754
 25.850   0.747
 25.860   0.740
 25.870   0.733
 25.880   0.727
 25.890   0.720
 25.900   0.713
 25.910   0.706
 25.920   0.699
 25.930   0.691
 25.940   0.684
 25.950   0.677
 25.960   0.669
 25.970   0.662
 25.980   0.654
 25.990   0.647
 26.000   0.639
 26.010   0.631
 26.020   0.624
 26.030   0.616
 26.040   0.608
 26.050   0.600
 26.060   0.592
 26.070   0.584
 26.080   0.576
 26.090   0.567
 26.100   0.559
 26.110   0.551
 26.120   0.543
 26.130   0.534
 26.140   0.526
 26.150   0.517
 26.160   0.508
 26.170   0.500
 26.180   0.491
 26.190   0.482
 26.200   0.474
 26.210   0.465
 26.220   0.456
 26.230   0.447
 26.240   0.438
 26.250   0.429
 26.260   0.420
 26.270   0.411
 26.280   0.402
 26.290   0.393
 26.300   0.383
 26.310   0.374
 26.320   0.365
 26.330   0.355
 26.340   0.346
 26.350   0.337
 26.360   0.327
 26.370   0.318
 26.380   0.308
 26.390   0.299
 26.400   0.289
 26.410   0.280
 26.420   0.270
 26.430   0.260
 26.440   0.251
 26.450   0.241
 26.460   0.231
 26.470   0.222
 26.480   0.212
 26.490   0.202
 26.500   0.192
 26.510   0.182
 26.520   0.173
 26.530   0.163
 26.540   0.153
 26.550   0.143
 26.560   0.133
 26.570   0.123
 26.580   0.113
 26.590   0.103
 26.600   0.093
 26.610   0.083
 26.620   0.073
 26.630   0.063
 26.640   0.053
 26.650   0.043
 26.660   0.033
 26.670   0.023
 26.680   0.013
 26.690   0.003
 26.700  -0.007
 26.710  -0.017
 26.720  -0.027
 26.730  -0.037
 26.740  -0.047
 26.750  -0.057
 26.760  -0.067
 26.770  -0.076
 26.780  -0.086
 26.790  -0.096
 26.800  -0.106
 26.810  -0.116
 26.820  -0.126
 26.830  -0.136
 26.840  -0.146
 26.850  -0.156
 26.860  -0.166
 26.870  -0.176
 26.880  -0.185
 26.890  -0.195
 26.900  -0.205
 26.910  -0.215
 26.920  -0.225
 26.930  -0.234
 26.940  -0.244
 26.950  -0.254
 26.960  -0.263
 26.970  -0.273
 26.980  -0.283
 26.990  -0.292
 27.000  -0.302
 27.010  -0.311
 27.020  -0.321
 27.030  -0.330
 27.040  -0.340
 27.050  -0.349
 27.060  -0.358
 27.070  -0.368
 27.080  -0.377
 27.090  -0.386
 27.100  -0.395
 27.110  -0.405
 27.120  -0.414
 27.130  -0.423
 27.140  -0.432
 27.150  -0.441
 27.160  -0.450
 27.170  -0.459
 27.180  -0.468
 27.190  -0.476
 27.200  -0.485
 27.210  -0.494
 27.220  -0.503
 27.230  -0.511
 27.240  -0.520
 27.250  -0.528
 27.260  -0.537
 27.270  -0.545
 27.280  -0.554
 27.290  -0.562
 27.300  -0.570
 27.310  -0.578
 27.320  -0.586
 27.330  -0.594
 27.340  -0.602
 27.350  -0.610
 27.360  -0.618
 27.370  -0.626
 27.380  -0.634
 27.390  -0.642
 27.400  -0.649
 27.410  -0.657
 27.420  -0.664
 27.430  -0.672
 27.440  -0.679
 27.450  -0.686
 27.460  -0.694
 27.470  -0.701
 27.480  -0.708
 27.490  -0.715
 27.500  -0.722
 27.510  -0.729
 27.520  -0.736
 27.530  -0.742
 27.540  -0.749
 27.550  -0.756
 27.560  -0.762
 27.570  -0.769
 27.580  -0.775
 27.590  -0.781
 27.600  -0.787
 27.610  -0.794
 27.620  -0.800
 27.630  -0.806
 27.640  -0.811
 27.650  -0.817
 27.660  -0.823
 27.670  -0.829
 27.680  -0.834
 27.690  -0.840
 27.700  -0.845
 27.710  -0.850
 27.720  -0.856
 27.730  -0.861
 27.740  -0.866
 27.750  -0.871
 27.760  -0.876
 27.770  -0.880
 27.780  -0.885
 27.790  -0.890
 27.800  -0.894
 27.810  -0.899
 27.820  -0.903
 27.830  -0.907
 27.840  -0.911
 27.850  -0.915
 27.860  -0.919
 27.870  -0.923
 27.880  -0.927
 27.890  -0.931
 27.900  -0.934
 27.910  -0.938
 27.920  -0.941
 27.930  -0.945
 27.940  -0.948
 27.950  -0.951
 27.960  -0.954
 27.970  -0.957
 27.980  -0.960
 27.990  -0.963
 28.000  -0.965
 28.010  -0.968
 28.020  -0.970
 28.030  -0.973
 28.040  -0.975
 28.050  -0.977
 28.060  -0.979
 28.070  -0.981
 28.080  -0.983
 28.090  -0.985
 28.100  -0.987
 28.110  -0.988
 28.120  -0.990
 28.130  -0.991
 28.140  -0.992
 28.150  -0.993
 28.160  -0.995
 28.170  -0.996
 28.180  -0.996
 28.190  -0.997
 28.200  -0.998
 28.210  -0.999
 28.220  -0.999
 28.230  -0.999
 28.240  -1.000
 28.250  -1.000
 28.260  -1.000
 28.270  -1.000
 28.280  -1.000
 28.290  -1.000
 28.300  -0.999
 28.310  -0.999
 28.320  -0.998
 28.330  -0.998
 28.340  -0.997
 28.350  -0.996
 28.360  -0.995
 28.370  -0.994
 28.380  -0.993
 28.390  -0.992
 28.400  -0.991
 28.410  -0.989
 28.420  -0.988
 28.430  -0.986
 28.440  -0.985
 28.450  -0.983
 28.460  -0.981
 28.470  -0.979
 28.480  -0.977
 28.490  -0.975
 28.500  -0.972
 28.510  -0.970
 28.520  -0.967
 28.530  -0.965
 28.540  -0.962
 28.550  -0.959
 28.560  -0.957
 28.570  -0.954
 28.580  -0.951
 28.590  -0.947
 28.600  -0.944
 28.610  -0.941
 28.620  -0.937
 28.630  -0.934
 28.640  -0.930
 28.650  -0.927
 28.660  -0.923
 28.670  -0.919
 28.680  -0.915
 28.690  -0.911
 28.700  -0.907
 28.710  -0.902
 28.720  -0.898
 28.730  -0.893
 28.740  -0.889
 28.750  -0.884
 28.760  -0.880
 28.770  -0.875
 28.780  -0.870
 28.790  -0.865
 28.800  -0.860
 28.810  -0.855
 28.820  -0.849
 28.830  -0.844
 28.840  -0.839
 28.850  -0.833
 28.860  -0.828
 28.870  -0.822
 28.880  -0.816
 28.890  -0.811
 28.900  -0.805
 28.910  -0.799
 28.920  -0.793
 28.930  -0.786
 28.940  -0.780
 28.950  -0.774
 28.960  -0.768
 28.970  -0.761
 28.980  -0.755
 28.990  -0.748
 29.000  -0.741
 29.010  -0.735
 29.020  -0.728
 29.030  -0.721
 29.040  -0.714
 29.050  -0.707
 29.060  -0.700
 29.070  -0.693
 29.080  -0.685
 29.090  -0.678
 29.100  -0.671
 29.110  -0.663
 29.120  -0.656
 29.130  -0.648
 29.140  -0.640
 29.150  -0.633
 29.160  -0.625
 29.170  -0.617
 29.180  -0.609
 29.190  -0.601
 29.200  -0.593
 29.210  -0.585
 29.220  -0.577
 29.230  -0.569
 29.240  -0.561
 29.250  -0.552
 29.260  -0.544
 29.270  -0.535
 29.280  -0.527
 29.290  -0.518
 29.300  -0.510
 29.310  -0.501
 29.320  -0.493
 29.330  -0.484
 29.340  -0.475
 29.350  -0.466
 29.360  -0.457
 29.370  -0.448
 29.380  -0.439
 29.390  -0.430
 29.400  -0.421
 29.410  -0.412
 29.420  -0.403
 29.430  -0.394
 29.440  -0.385
 29.450  -0.376
 29.460  -0.366
 29.470  -0.357
 29.480  -0.348
 29.490  -0.338
 29.500  -0.329
 29.510  -0.319
 29.520  -0.310
 29.530  -0.300
 29.540  -0.291
 29.550  -0.281
 29.560  -0.272
 29.570  -0.262
 29.580  -0.252
 29.590  -0.243
 29.600  -0.233
 29.610  -0.223
 29.620  -0.213
 29.630  -0.204
 29.640  -0.194
 29.650  -0.184
 29.660  -0.174
 29.670  -0.164
 29.680  -0.154
 29.690  -0.144
 29.700  -0.135
 29.710  -0.125
 29.720  -0.115
 29.730  -0.105
 29.740  -0.095
 29.750  -0.085
 29.760  -0.075
 29.770  -0.065
 29.780  -0.055
 29.790  -0.045
 29.800  -0.035
 29.810  -0.025
 29.820  -0.015
 29.830  -0.005
 29.840   0.005
 29.850   0.015
 29.860   0.025
 29.870   0.035
 29.880   0.045
 29.890   0.055
 29.900   0.065
 29.910   0.075
 29.920   0.085
 29.930   0.095
 29.940   0.105
 29.950   0.115
 29.960   0.125
 29.970   0.135
 29.980   0.144
 29.990   0.154
 30.000   0.164
 30.010   0.174
 30.020   0.184
 30.030   0.194
 30.040   0.204
 30.050   0.213
 30.060   0.223
 30.070   0.233
 30.080   0.243
 30.090   0.252
 30.100   0.262
 30.110   0.272
 30.120   0.281
 30.130   0.291
 30.140   0.300
 30.150   0.310
 30.160   0.319
 30.170   0.329
 30.180   0.338
 30.190   0.348
 30.200   0.357
 30.210   0.366
 30.220   0.376
 30.230   0.385
 30.240   0.394
 30.250   0.403
 30.260   0.412
 30.270   0.421
 30.280   0.430
 30.290   0.439
 30.300   0.448
 30.310   0.457
 30.320   0.466
 30.330   0.475
 30.340   0.484
 30.350   0.493
 30.360   0.501
 30.370   0.510
 30.380   0.518
 30.390   0.527
 30.400   0.535
 30.410   0.544
 30.420   0.552
 30.430   0.561
 30.440   0.569
 30.450   0.577
 30.460   0.585
 30.470   0.593
 30.480   0.601
 30.490   0.609
 30.500   0.617
 30.510   0.625
 30.520   0.633
 30.530   0.640
 30.540   0.648
 30.550   0.656
 30.560   0.663
 30.570   0.671
 30.580   0.678
 30.590   0.685
 30.600   0.693
 30.610   0.700
 30.620   0.707
 30.630   0.714
 30.640   0.721
 30.650   0.728
 30.660   0.735
 30.670   0.741
 30.680   0.748
 30.690   0.755
 30.700   0.761
 30.710   0.768
 30.720   0.774
 30.730   0.780
 30.740   0.786
 30.750   0.793
 30.760   0.799
 30.770   0.805
 30.780   0.810
 30.790   0.816
 30.800   0.822
 30.810   0.828
 30.820   0.833
 30.830   0.839
 30.840   0.844
 30.850   0.849
 30.860   0.855
 30.870   0.860
 30.880   0.865
 30.890   0.870
 30.900   0.875
 30.910   0.880
 30.920   0.884
 30.930   0.889
 30.940   0.893
 30.950   0.898
 30.960   0.902
 30.970   0.907
 30.980   0.911
 30.990   0.915
 31.000   0.919
 31.010   0.923
 31.020   0.926
 31.030   0.930
 31.040   0.934
 31.050   0.937
 31.060   0.941
 31.070   0.944
 31.080   0.947
 31.090   0.951
 31.100   0.954
 31.110   0.957
 31.120   0.959
 31.130   0.962
 31.140   0.965
 31.150   0.967
 31.160   0.970
 31.170   0.972
 31.180   0.975
 31.190   0.977
 31.200   0.979
 31.210   0.981
 31.220   0.983
 31.230   0.985
 31.240   0.986
 31.250   0.988
 31.260   0.989
 31.270   0.991
 31.280   0.992
 31.290   0.993
 31.300   0.994
 31.310   0.995
 31.320   0.996
 31.330   0.997
 31.340   0.998
 31.350   0.998
 31.360   0.999
 31.370   0.999
 31.380   1.000
 31.390   1.000
 31.400   1.000
 31.410   1.000
 31.420   1.000
 31.430   1.000
 31.440   0.999
 31.450   0.999
 31.460   0.999
 31.470   0.998
 31.480   0.997
 31.490   0.996
 31.500   0.996
 31.510   0.995
 31.520   0.993
 31.530   0.992
 31.540   0.991
 31.550   0.990
 31.560   0.988
 31.570   0.987
 31.580   0.985
 31.590   0.983
 31.600   0.981
 31.610   0.979
 31.620   0.977
 31.630   0.975
 31.640   0.973
 31.650   0.970
 31.660   0.968
 31.670   0.965
 31.680   0.963
 31.690   0.960
 31.700   0.957
 31.710   0.954
 31.720   0.951
 31.730   0.948
 31.740   0.945
 31.750   0.941
 31.760   0.938
 31.770   0.934
 31.780   0.931
 31.790   0.927
 31.800   0.923
 31.810   0.919
 31.820   0.915
 31.830   0.911
 31.840   0.907
 31.850   0.903
 31.860   0.899
 31.870   0.894
 31.880   0.890
 31.890   0.885
 31.900   0.880
 31.910   0.876
 31.920   0.871
 31.930   0.866
 31.940   0.861
 31.950   0.856
 31.960   0.850
 31.970   0.845
 31.980   0.840
 31.990   0.834
 32.000   0.829
 32.010   0.823
 32.020   0.817
 32.030   0.811
 32.040   0.806
 32.050   0.800
 32.060   0.794
 32.070   0.787
 32.080   0.781
 32.090   0.775
 32.100   0.769
 32.110   0.762
 32.120   0.756
 32.130   0.749
 32.140   0.742
 32.150   0.736
 32.160   0.729
 32.170   0.722
 32.180   0.715
 32.190   0.708
 32.200   0.701
 32.210   0.694
 32.220   0.686
 32.230   0.679
 32.240   0.672
 32.250   0.664
 32.260   0.657
 32.270   0.649
 32.280   0.642
 32.290   0.634
 32.300   0.626
 32.310   0.618
 32.320   0.610
 32.330   0.602
 32.340   0.594
 32.350   0.586
 32.360   0.578
 32.370   0.570
 32.380   0.562
 32.390   0.554
 32.400   0.545
 32.410   0.537
 32.420   0.528
 32.430   0.520
 32.440   0.511
 32.450   0.503
 32.460   0.494
 32.470   0.485
 32.480   0.476
 32.490   0.468
 32.500   0.459
 32.510   0.450
 32.520   0.441
 32.530   0.432
 32.540   0.423
 32.550   0.414
 32.560   0.405
 32.570   0.395
 32.580   0.386
 32.590   0.377
 32.600   0.368
 32.610   0.358
 32.620   0.349
 32.630   0.340
 32.640   0.330
 32.650   0.321
 32.660   0.311
 32.670   0.302
 32.680   0.292
 32.690   0.283
 32.700   0.273
 32.710   0.263
 32.720   0.254
 32.730   0.244
 32.740   0.234
 32.750   0.225
 32.760   0.215
 32.770   0.205
 32.780   0.195
 32.790   0.186
 32.800   0.176
 32.810   0.166
 32.820   0.156
 32.830   0.146
 32.840   0.136
 32.850   0.126
 32.860   0.116
 32.870   0.106
 32.880   0.096
 32.890   0.086
 32.900   0.077
 32.910   0.067
 32.920   0.057
 32.930   0.047
 32.940   0.037
 32.950   0.027
 32.960   0.017
 32.970   0.007
 32.980  -0.003
 32.990  -0.013
 33.000  -0.023
 33.010  -0.033
 33.020  -0.043
 33.030  -0.053
 33.040  -0.063
 33.050  -0.073
 33.060  -0.083
 33.070  -0.093
 33.080  -0.103
 33.090  -0.113
 33.100  -0.123
 33.110  -0.133
 33.120  -0.143
 33.130  -0.153
 33.140  -0.163
 33.150  -0.173
 33.160  -0.182
 33.170  -0.192
 33.180  -0.202
 33.190  -0.212
 33.200  -0.222
 33.210  -0.231
 33.220  -0.241
 33.230  -0.251
 33.240  -0.260
 33.250  -0.270
 33.260  -0.280
 33.270  -0.289
 33.280  -0.299
 33.290  -0.308
 33.300  -0.318
 33.310  -0.327
 33.320  -0.337
 33.330  -0.346
 33.340  -0.355
 33.350  -0.365
 33.360  -0.374
 33.370  -0.383
 33.380  -0.393
 33.390  -0.402
 33.400  -0.411
 33.410  -0.420
 33.420  -0.429
 33.430  -0.438
 33.440  -0.447
 33.450  -0.456
 33.460  -0.465
 33.470  -0.474
 33.480  -0.482
 33.490  -0.491
 33.500  -0.500
 33.510  -0.508
 33.520  -0.517
 33.530  -0.526
 33.540  -0.534
 33.550  -0.543
 33.560  -0.551
 33.570  -0.559
 33.580  -0.567
 33.590  -0.576
 33.600  -0.584
 33.610  -0.592
 33.620  -0.600
 33.630  -0.608
 33.640  -0.616
 33.650  -0.624
 33.660  -0.631
 33.670  -0.639
 33.680  -0.647
 33.690  -0.654
 33.700  -0.662
 33.710  -0.669
 33.720  -0.677
 33.730  -0.684
 33.740  -0.691
 33.750  -0.699
 33.760  -0.706
 33.770  -0.713
 33.780  -0.720
 33.790  -0.727
 33.800  -0.733
 33.810  -0.740
 33.820  -0.747
 33.830  -0.754
 33.840  -0.760
 33.850  -0.767
 33.860  -0.773
 33.870  -0.779
 33.880  -0.785
 33.890  -0.792
 33.900  -0.798
 33.910  -0.804
 33.920  -0.810
 33.930  -0.815
 33.940  -0.821
 33.950  -0.827
 33.960  -0.832
 33.970  -0.838
 33.980  -0.843
 33.990  -0.849
 34.000  -0.854
 34.010  -0.859
 34.020  -0.864
 34.030  -0.869
 34.040  -0.874
 34.050  -0.879
 34.060  -0.884
 34.070  -0.888
 34.080  -0.893
 34.090  -0.897
 34.100  -0.902
 34.110  -0.906
 34.120  -0.910
 34.130  -0.914
 34.140  -0.918
 34.150  -0.922
 34.160  -0.926
 34.170  -0.930
 34.180  -0.933
 34.190  -0.937
 34.200  -0.940
 34.210  -0.944
 34.220  -0.947
 34.230  -0.950
 34.240  -0.953
 34.250  -0.956
 34.260  -0.959
 34.270  -0.962
 34.280  -0.964
 34.290  -0.967
 34.300  -0.970
 34.310  -0.972
 34.320  -0.974
 34.330  -0.976
 34.340  -0.979
 34.350  -0.981
 34.360  -0.982
 34.370  -0.984
 34.380  -0.986
 34.390  -0.988
 34.400  -0.989
 34.410  -0.991
 34.420  -0.992
 34.430  -0.993
 34.440  -0.994
 34.450  -0.995
 34.460  -0.996
 34.470  -0.997
 34.480  -0.998
 34.490  -0.998
 34.500  -0.999
 34.510  -0.999
 34.520  -1.000
 34.530  -1.000
 34.540  -1.000
 34.550  -1.000
 34.560  -1.000
 34.570  -1.000
 34.580  -0.999
 34.590  -0.999
 34.600  -0.999
 34.610  -0.998
 34.620  -0.997
 34.630  -0.997
 34.640  -0.996
 34.650  -0.995
 34.660  -0.994
 34.670  -0.992
 34.680  -0.991
 34.690  -0.990
 34.700  -0.988
 34.710  -0.987
 34.720  -0.985
 34.730  -0.983
 34.740  -0.982
 34.750  -0.980
 34.760  -0.977
 34.770  -0.975
 34.780  -0.973
 34.790  -0.971
 34.800  -0.968
 34.810  -0.966
 34.820  -0.963
 34.830  -0.960
 34.840  -0.957
 34.850  -0.955
 34.860  -0.952
 34.870  -0.948
 34.880  -0.945
 34.890  -0.942
 34.900  -0.938
 34.910  -0.935
 34.920  -0.931
 34.930  -0.928
 34.940  -0.924
 34.950  -0.920
 34.960  -0.916
 34.970  -0.912
 34.980  -0.908
 34.990  -0.904
 35.000  -0.899
 35.010  -0.895
 35.020  -0.890
 35.030  -0.886
 35.040  -0.881
 35.050  -0.876
 35.060  -0.871
 35.070  -0.867
 35.080  -0.861
 35.090  -0.856
 35.100  -0.851
 35.110  -0.846
 35.120  -0.840
 35.130  -0.835
 35.140  -0.829
 35.150  -0.824
 35.160  -0.818
 35.170  -0.812
 35.180  -0.806
 35.190  -0.801
 35.200  -0.794
 35.210  -0.788
 35.220  -0.782
 35.230  -0.776
 35.240  -0.770
 35.250  -0.763
 35.260  -0.757
 35.270  -0.750
 35.280  -0.743
 35.290  -0.737
 35.300  -0.730
 35.310  -0.723
 35.320  -0.716
 35.330  -0.709
 35.340  -0.702
 35.350  -0.695
 35.360  -0.688
 35.370  -0.680
 35.380  -0.673
 35.390  -0.666
 35.400  -0.658
 35.410  -0.650
 35.420  -0.643
 35.430  -0.635
 35.440  -0.627
 35.450  -0.620
 35.460  -0.612
 35.470  -0.604
 35.480  -0.596
 35.490  -0.588
 35.500  -0.580
 35.510  -0.571
 35.520  -0.563
 35.530  -0.555
 35.540  -0.546
 35.550  -0.538
 35.560  -0.530
 35.570  -0.521
 35.580  -0.513
 35.590  -0.504
 35.600  -0.495
 35.610  -0.487
 35.620  -0.478
 35.630  -0.469
 35.640  -0.460
 35.650  -0.451
 35.660  -0.442
 35.670  -0.433
 35.680  -0.424
 35.690  -0.415
 35.700  -0.406
 35.710  -0.397
 35.720  -0.388
 35.730  -0.378
 35.740  -0.369
 35.750  -0.360
 35.760  -0.351
 35.770  -0.341
 35.780  -0.332
 35.790  -0.322
 35.800  -0.313
 35.810  -0.303
 35.820  -0.294
 35.830  -0.284
 35.840  -0.275
 35.850  -0.265
 35.860  -0.255
 35.870  -0.246
 35.880  -0.236
 35.890  -0.226
 35.900  -0.216
 35.910  -0.207
 35.920  -0.197
 35.930  -0.187
 35.940  -0.177
 35.950  -0.167
 35.960  -0.158
 35.970  -0.148
 35.980  -0.138
 35.990  -0.128
 36.000  -0.118
 36.010  -0.108
 36.020  -0.098
 36.030  -0.088
 36.040  -0.078
 36.050  -0.068
 36.060  -0.058
 36.070  -0.048
 36.080  -0.038
 36.090  -0.028
 36.100  -0.018
 36.110  -0.008
 36.120   0.002
 36.130   0.012
 36.140   0.022
 36.150   0.032
 36.160   0.042
 36.170   0.052
 36.180   0.062
 36.190   0.072
 36.200   0.082
 36.210   0.092
 36.220   0.102
 36.230   0.112
 36.240   0.122
 36.250   0.131
 36.260   0.141
 36.270   0.151
 36.280   0.161
 36.290   0.171
 36.300   0.181
 36.310   0.191
 36.320   0.200
 36.330   0.210
 36.340   0.220
 36.350   0.230
 36.360   0.239
 36.370   0.249
 36.380   0.259
 36.390   0.269
 36.400   0.278
 36.410   0.288
 36.420   0.297
 36.430   0.307
 36.440   0.316
 36.450   0.326
 36.460   0.335
 36.470   0.345
 36.480   0.354
 36.490   0.363
 36.500   0.373
 36.510   0.382
 36.520   0.391
 36.530   0.400
 36.540   0.409
 36.550   0.419
 36.560   0.428
 36.570   0.437
 36.580   0.446
 36.590   0.455
 36.600   0.463
 36.610   0.472
 36.620   0.481
 36.630   0.490
 36.640   0.498
 36.650   0.507
 36.660   0.516
 36.670   0.524
 36.680   0.533
 36.690   0.541
 36.700   0.550
 36.710   0.558
 36.720   0.566
 36.730   0.574
 36.740   0.583
 36.750   0.591
 36.760   0.599
 36.770   0.607
 36.780   0.615
 36.790   0.622
 36.800   0.630
 36.810   0.638
 36.820   0.646
 36.830   0.653
 36.840   0.661
 36.850   0.668
 36.860   0.676
 36.870   0.683
 36.880   0.690
 36.890   0.697
 36.900   0.705
 36.910   0.712
 36.920   0.719
 36.930   0.726
 36.940   0.732
 36.950   0.739
 36.960   0.746
 36.970   0.752
 36.980   0.759
 36.990   0.766
 37.000   0.772
 37.010   0.778
 37.020   0.784
 37.030   0.791
 37.040   0.797
 37.050   0.803
 37.060   0.809
 37.070   0.814
 37.080   0.820
 37.090   0.826
 37.100   0.832
 37.110   0.837
 37.120   0.842
 37.130   0.848
 37.140   0.853
 37.150   0.858
 37.160   0.863
 37.170   0.868
 37.180   0.873
 37.190   0.878
 37.200   0.883
 37.210   0.887
 37.220   0.892
 37.230   0.897
 37.240   0.901
 37.250   0.905
 37.260   0.909
 37.270   0.914
 37.280   0.918
 37.290   0.921
 37.300   0.925
 37.310   0.929
 37.320   0.933
 37.330   0.936
 37.340   0.940
 37.350   0.943
 37.360   0.946
 37.370   0.950
 37.380   0.953
 37.390   0.956
 37.400   0.959
 37.410   0.961
 37.420   0.964
 37.430   0.967
 37.440   0.969
 37.450   0.972
 37.460   0.974
 37.470   0.976
 37.480   0.978
 37.490   0.980
 37.500   0.982
 37.510   0.984
 37.520   0.986
 37.530   0.987
 37.540   0.989
 37.550   0.990
 37.560   0.992
 37.570   0.993
 37.580   0.994
 37.590   0.995
 37.600   0.996
 37.610   0.997
 37.620   0.998
 37.630   0.998
 37.640   0.999
 37.650   0.999
 37.660   1.000
 37.670   1.000
 37.680   1.000
 37.690   1.000
 37.700   1.000
 37.710   1.000
 37.720   1.000
 37.730   0.999
 37.740   0.999
 37.750   0.998
 37.760   0.997
 37.770   0.997
 37.780   0.996
 37.790   0.995
 37.800   0.994
 37.810   0.993
 37.820   0.991
 37.830   0.990
 37.840   0.989
 37.850   0.987
 37.860   0.985
 37.870   0.984
 37.880   0.982
 37.890   0.980
 37.900   0.978
 37.910   0.976
 37.920   0.973
 37.930   0.971
 37.940   0.969
 37.950   0.966
 37.960   0.963
 37.970   0.961
 37.980   0.958
 37.990   0.955
 38.000   0.952
 38.010   0.949
 38.020   0.946
 38.030   0.942
 38.040   0.939
 38.050   0.936
 38.060   0.932
 38.070   0.928
 38.080   0.925
 38.090   0.921
 38.100   0.917
 38.110   0.913
 38.120   0.909
 38.130   0.904
 38.140   0.900
 38.150   0.896
 38.160   0.891
 38.170   0.887
 38.180   0.882
 38.190   0.877
 38.200   0.872
 38.210   0.867
 38.220   0.862
 38.230   0.857
 38.240   0.852
 38.250   0.847
 38.260   0.841
 38.270   0.836
 38.280   0.830
 38.290   0.825
 38.300   0.819
 38.310   0.813
 38.320   0.807
 38.330   0.801
 38.340   0.795
 38.350   0.789
 38.360   0.783
 38.370   0.777
 38.380   0.771
 38.390   0.764
 38.400   0.758
 38.410   0.751
 38.420   0.744
 38.430   0.738
 38.440   0.731
 38.450   0.724
 38.460   0.717
 38.470   0.710
 38.480   0.703
 38.490   0.696
 38.500   0.689
 38.510   0.681
 38.520   0.674
 38.530   0.667
 38.540   0.659
 38.550   0.652
 38.560   0.644
 38.570   0.636
 38.580   0.629
 38.590   0.621
 38.600   0.613
 38.610   0.605
 38.620   0.597
 38.630   0.589
 38.640   0.581
 38.650   0.573
 38.660   0.564
 38.670   0.556
 38.680   0.548
 38.690   0.539
 38.700   0.531
 38.710   0.522
 38.720   0.514
 38.730   0.505
 38.740   0.497
 38.750   0.488
 38.760   0.479
 38.770   0.470
 38.780   0.462
 38.790   0.453
 38.800   0.444
 38.810   0.435
 38.820   0.426
 38.830   0.417
 38.840   0.408
 38.850   0.398
 38.860   0.389
 38.870   0.380
 38.880   0.371
 38.890   0.361
 38.900   0.352
 38.910   0.343
 38.920   0.333
 38.930   0.324
 38.940   0.314
 38.950   0.305
 38.960   0.295
 38.970   0.286
 38.980   0.276
 38.990   0.266
 39.000   0.257
 39.010   0.247
 39.020   0.237
 39.030   0.228
 39.040   0.218
 39.050   0.208
 39.060   0.198
 39.070   0.189
 39.080   0.179
 39.090   0.169
 39.100   0.159
 39.110   0.149
 39.120   0.139
 39.130   0.129
 39.140   0.119
 39.150   0.110
 39.160   0.100
 39.170   0.090
 39.180   0.080
 39.190   0.070
 39.200   0.060
 39.210   0.050
 39.220   0.040
 39.230   0.030
 39.240   0.020
 39.250   0.010
 39.260  -0.000
 39.270  -0.010
 39.280  -0.020
 39.290  -0.030
 39.300  -0.040
 39.310  -0.050
 39.320  -0.060
 39.330  -0.070
 39.340  -0.080
 39.350  -0.090
 39.360  -0.100
 39.370  -0.110
 39.380  -0.120
 39.390  -0.130
 39.400  -0.140
 39.410  -0.150
 39.420  -0.160
 39.430  -0.169
 39.440  -0.179
 39.450  -0.189
 39.460  -0.199
 39.470  -0.209
 39.480  -0.218
 39.490  -0.228
 39.500  -0.238
 39.510  -0.248
 39.520  -0.257
 39.530  -0.267
 39.540  -0.277
 39.550  -0.286
 39.560  -0.296
 39.570  -0.305
 39.580  -0.315
 39.590  -0.324
 39.600  -0.334
 39.610  -0.343
 39.620  -0.353
 39.630  -0.362
 39.640  -0.371
 39.650  -0.380
 39.660  -0.390
 39.670  -0.399
 39.680  -0.408
 39.690  -0.417
 39.700  -0.426
 39.710  -0.435
 39.720  -0.444
 39.730  -0.453
 39.740  -0.462
 39.750  -0.471
 39.760  -0.480
 39.770  -0.488
 39.780  -0.497
 39.790  -0.506
 39.800  -0.514
 39.810  -0.523
 39.820  -0.531
 39.830  -0.540
 39.840  -0.548
 39.850  -0.557
 39.860  -0.565
 39.870  -0.573
 39.880  -0.581
 39.890  -0.589
 39.900  -0.597
 39.910  -0.605
 39.920  -0.613
 39.930  -0.621
 39.940  -0.629
 39.950  -0.637
 39.960  -0.644
 39.970  -0.652
 39.980  -0.660
 39.990  -0.667
 40.000  -0.674
 40.010  -0.682
 40.020  -0.689
 40.030  -0.696
 40.040  -0.703
 40.050  -0.711
 40.060  -0.718
 40.070  -0.724
 40.080  -0.731
 40.090  -0.738
 40.100  -0.745
 40.110  -0.751
 40.120  -0.758
 40.130  -0.764
 40.140  -0.771
 40.150  -0.777
 40.160  -0.783
 40.170  -0.790
 40.180  -0.796
 40.190  -0.802
 40.200  -0.808
 40.210  -0.814
 40.220  -0.819
 40.230  -0.825
 40.240  -0.831
 40.250  -0.836
 40.260  -0.842
 40.270  -0.847
 40.280  -0.852
 40.290  -0.857
 40.300  -0.863
 40.310  -0.868
 40.320  -0.872
 40.330  -0.877
 40.340  -0.882
 40.350  -0.887
 40.360  -0.891
 40.370  -0.896
 40.380  -0.900
 40.390  -0.905
 40.400  -0.909
 40.410  -0.913
 40.420  -0.917
 40.430  -0.921
 40.440  -0.925
 40.450  -0.928
 40.460  -0.932
 40.470  -0.936
 40.480  -0.939
 40.490  -0.943
 40.500  -0.946
 40.510  -0.949
 40.520  -0.952
 40.530  -0.955
 40.540  -0.958
 40.550  -0.961
 40.560  -0.964
 40.570  -0.966
 40.580  -0.969
 40.590  -0.971
 40.600  -0.974
 40.610  -0.976
 40.620  -0.978
 40.630  -0.980
 40.640  -0.982
 40.650  -0.984
 40.660  -0.985
 40.670  -0.987
 40.680  -0.989
 40.690  -0.990
 40.700  -0.991
 40.710  -0.993
 40.720  -0.994
 40.730  -0.995
 40.740  -0.996
 40.750  -0.997
 40.760  -0.998
 40.770  -0.998
 40.780  -0.999
 40.790  -0.999
 40.800  -1.000
 40.810  -1.000
 40.820  -1.000
 40.830  -1.000
 40.840  -1.000
 40.850  -1.000
 40.860  -1.000
 40.870  -0.999
 40.880  -0.999
 40.890  -0.998
 40.900  -0.998
 40.910  -0.997
 40.920  -0.996
 40.930  -0.995
 40.940  -0.994
 40.950  -0.993
 40.960  -0.992
 40.970  -0.990
 40.980  -0.989
 40.990  -0.987
 41.000  -0.986
 41.010  -0.984
 41.020  -0.982
 41.030  -0.980
 41.040  -0.978
 41.050  -0.976
 41.060  -0.974
 41.070  -0.971
 41.080  -0.969
 41.090  -0.967
 41.100  -0.964
 41.110  -0.961
 41.120  -0.958
 41.130  -0.955
 41.140  -0.952
 41.150  -0.949
 41.160  -0.946
 41.170  -0.943
 41.180  -0.940
 41.190  -0.936
 41.200  -0.933
 41.210  -0.929
 41.220  -0.925
 41.230  -0.921
 41.240  -0.917
 41.250  -0.913
 41.260  -0.909
 41.270  -0.905
 41.280  -0.901
 41.290  -0.896
 41.300  -0.892
 41.310  -0.887
 41.320  -0.883
 41.330  -0.878
 41.340  -0.873
 41.350  -0.868
 41.360  -0.863
 41.370  -0.858
 41.380  -0.853
 41.390  -0.848
 41.400  -0.842
 41.410  -0.837
 41.420  -0.831
 41.430  -0.826
 41.440  -0.820
 41.450  -0.814
 41.460  -0.808
 41.470  -0.802
 41.480  -0.796
 41.490  -0.790
 41.500  -0.784
 41.510  -0.778
 41.520  -0.772
 41.530  -0.765
 41.540  -0.759
 41.550  -0.752
 41.560  -0.746
 41.570  -0.739
 41.580  -0.732
 41.590  -0.725
 41.600  -0.718
 41.610  -0.711
 41.620  -0.704
 41.630  -0.697
 41.640  -0.690
 41.650  -0.683
 41.660  -0.675
 41.670  -0.668
 41.680  -0.660
 41.690  -0.653
 41.700  -0.645
 41.710  -0.638
 41.720  -0.630
 41.730  -0.622
 41.740  -0.614
 41.750  -0.606
 41.760  -0.598
 41.770  -0.590
 41.780  -0.582
 41.790  -0.574
 41.800  -0.566
 41.810  -0.557
 41.820  -0.549
 41.830  -0.541
 41.840  -0.532
 41.850  -0.524
 41.860  -0.515
 41.870  -0.507
 41.880  -0.498
 41.890  -0.489
 41.900  -0.481
 41.910  -0.472
 41.920  -0.463
 41.930  -0.454
 41.940  -0.445
 41.950  -0.436
 41.960  -0.427
 41.970  -0.418
 41.980  -0.409
 41.990  -0.400
 42.000  -0.391
 42.010  -0.381
 42.020  -0.372
 42.030  -0.363
 42.040  -0.354
 42.050  -0.344
 42.060  -0.335
 42.070  -0.325
 42.080  -0.316
 42.090  -0.306
 42.100  -0.297
 42.110  -0.287
 42.120  -0.278
 42.130  -0.268
 42.140  -0.258
 42.150  -0.249
 42.160  -0.239
 42.170  -0.229
 42.180  -0.220
 42.190  -0.210
 42.200  -0.200
 42.210  -0.190
 42.220  -0.180
 42.230  -0.170
 42.240  -0.161
 42.250  -0.151
 42.260  -0.141
 42.270  -0.131
 42.280  -0.121
 42.290  -0.111
 42.300  -0.101
 42.310  -0.091
 42.320  -0.081
 42.330  -0.071
 42.340  -0.061
 42.350  -0.051
 42.360  -0.041
 42.370  -0.031
 42.380  -0.021
 42.390  -0.011
 42.400  -0.001
 42.410   0.009
 42.420   0.019
 42.430   0.029
 42.440   0.039
 42.450   0.049
 42.460   0.059
 42.470   0.069
 42.480   0.079
 42.490   0.089
 42.500   0.099
 42.510   0.108
 42.520   0.118
 42.530   0.128
 42.540   0.138
 42.550   0.148
 42.560   0.158
 42.570   0.168
 42.580   0.178
 42.590   0.188
 42.600   0.197
 42.610   0.207
 42.620   0.217
 42.630   0.227
 42.640   0.236
 42.650   0.246
 42.660   0.256
 42.670   0.265
 42.680   0.275
 42.690   0.285
 42.700   0.294
 42.710   0.304
 42.720   0.313
 42.730   0.323
 42.740   0.332
 42.750   0.342
 42.760   0.351
 42.770   0.360
 42.780   0.370
 42.790   0.379
 42.800   0.388
 42.810   0.397
 42.820   0.407
 42.830   0.416
 42.840   0.425
 42.850   0.434
 42.860   0.443
 42.870   0.452
 42.880   0.461
 42.890   0.469
 42.900   0.478
 42.910   0.487
 42.920   0.496
 42.930   0.504
 42.940   0.513
 42.950   0.522
 42.960   0.530
 42.970   0.539
 42.980   0.547
 42.990   0.555
 43.000   0.564
 43.010   0.572
 43.020   0.580
 43.030   0.588
 43.040   0.596
 43.050   0.604
 43.060   0.612
 43.070   0.620
 43.080   0.628
 43.090   0.636
 43.100   0.643
 43.110   0.651
 43.120   0.658
 43.130   0.666
 43.140   0.673
 43.150   0.681
 43.160   0.688
 43.170   0.695
 43.180   0.702
 43.190   0.709
 43.200   0.716
 43.210   0.723
 43.220   0.730
 43.230   0.737
 43.240   0.744
 43.250   0.750
 43.260   0.757
 43.270   0.763
 43.280   0.770
 43.290   0.776
 43.300   0.783
 43.310   0.789
 43.320   0.795
 43.330   0.801
 43.340   0.807
 43.350   0.813
 43.360   0.818
 43.370   0.824
 43.380   0.830
 43.390   0.835
 43.400   0.841
 43.410   0.846
 43.420   0.851
 43.430   0.857
 43.440   0.862
 43.450   0.867
 43.460   0.872
 43.470   0.877
 43.480   0.881
 43.490   0.886
 43.500   0.891
 43.510   0.895
 43.520   0.900
 43.530   0.904
 43.540   0.908
 43.550   0.912
 43.560   0.916
 43.570   0.920
 43.580   0.924
 43.590   0.928
 43.600   0.932
 43.610   0.935
 43.620   0.939
 43.630   0.942
 43.640   0.945
 43.650   0.949
 43.660   0.952
 43.670   0.955
 43.680   0.958
 43.690   0.960
 43.700   0.963
 43.710   0.966
 43.720   0.968
 43.730   0.971
 43.740   0.973
 43.750   0.975
 43.760   0.978
 43.770   0.980
 43.780   0.982
 43.790   0.983
 43.800   0.985
 43.810   0.987
 43.820   0.988
 43.830   0.990
 43.840   0.991
 43.850   0.993
 43.860   0.994
 43.870   0.995
 43.880   0.996
 43.890   0.997
 43.900   0.997
 43.910   0.998
 43.920   0.999
 43.930   0.999
 43.940   0.999
 43.950   1.000
 43.960   1.000
 43.970   1.000
 43.980   1.000
 43.990   1.000
 44.000   1.000
 44.010   0.999
 44.020   0.999
 44.030   0.998
 44.040   0.998
 44.050   0.997
 44.060   0.996
 44.070   0.995
 44.080   0.994
 44.090   0.993
 44.100   0.992
 44.110   0.991
 44.120   0.989
 44.130   0.988
 44.140   0.986
 44.150   0.984
 44.160   0.982
 44.170   0.980
 44.180   0.978
 44.190   0.976
 44.200   0.974
 44.210   0.972
 44.220   0.969
 44.230   0.967
 44.240   0.964
 44.250   0.962
 44.260   0.959
 44.270   0.956
 44.280   0.953
 44.290   0.950
 44.300   0.947
 44.310   0.943
 44.320   0.940
 44.330   0.937
 44.340   0.933
 44.350   0.929
 44.360   0.926
 44.370   0.922
 44.380   0.918
 44.390   0.914
 44.400   0.910
 44.410   0.906
 44.420   0.901
 44.430   0.897
 44.440   0.893
 44.450   0.888
 44.460   0.883
 44.470   0.879
 44.480   0.874
 44.490   0.869
 44.500   0.864
 44.510   0.859
 44.520   0.854
 44.530   0.848
 44.540   0.843
 44.550   0.838
 44.560   0.832
 44.570   0.827
 44.580   0.821
 44.590   0.815
 44.600   0.809
 44.610   0.803
 44.620   0.797
 44.630   0.791
 44.640   0.785
 44.650   0.779
 44.660   0.773
 44.670   0.766
 44.680   0.760
 44.690   0.753
 44.700   0.747
 44.710   0.740
 44.720   0.733
 44.730   0.726
 44.740   0.719
 44.750   0.712
 44.760   0.705
 44.770   0.698
 44.780   0.691
 44.790   0.684
 44.800   0.676
 44.810   0.669
 44.820   0.662
 44.830   0.654
 44.840   0.646
 44.850   0.639
 44.860   0.631
 44.870   0.623
 44.880   0.615
 44.890   0.607
 44.900   0.600
 44.910   0.591
 44.920   0.583
 44.930   0.575
 44.940   0.567
 44.950   0.559
 44.960   0.550
 44.970   0.542
 44.980   0.534
 44.990   0.525
 45.000   0.517
 45.010   0.508
 45.020   0.499
 45.030   0.491
 45.040   0.482
 45.050   0.473
 45.060   0.464
 45.070   0.455
 45.080   0.447
 45.090   0.438
 45.100   0.429
 45.110   0.420
 45.120   0.410
 45.130   0.401
 45.140   0.392
 45.150   0.383
 45.160   0.374
 45.170   0.364
 45.180   0.355
 45.190   0.346
 45.200   0.336
 45.210   0.327
 45.220   0.317
 45.230   0.308
 45.240   0.298
 45.250   0.289
 45.260   0.279
 45.270   0.270
 45.280   0.260
 45.290   0.250
 45.300   0.241
 45.310   0.231
 45.320   0.221
 45.330   0.211
 45.340   0.202
 45.350   0.192
 45.360   0.182
 45.370   0.172
 45.380   0.162
 45.390   0.152
 45.400   0.142
 45.410   0.133
 45.420   0.123
 45.430   0.113
 45.440   0.103
 45.450   0.093
 45.460   0.083
 45.470   0.073
 45.480   0.063
 45.490   0.053
 45.500   0.043
 45.510   0.033
 45.520   0.023
 45.530   0.013
 45.540   0.003
 45.550  -0.007
 45.560  -0.017
 45.570  -0.027
 45.580  -0.037
 45.590  -0.047
 45.600  -0.057
 45.610  -0.067
 45.620  -0.077
 45.630  -0.087
 45.640  -0.097
 45.650  -0.107
 45.660  -0.117
 45.670  -0.127
 45.680  -0.137
 45.690  -0.147
 45.700  -0.156
 45.710  -0.166
 45.720  -0.176
 45.730  -0.186
 45.740  -0.196
 45.750  -0.206
 45.760  -0.215
 45.770  -0.225
 45.780  -0.235
 45.790  -0.245
 45.800  -0.254
 45.810  -0.264
 45.820  -0.274
 45.830  -0.283
 45.840  -0.293
 45.850  -0.302
 45.860  -0.312
 45.870  -0.321
 45.880  -0.331
 45.890  -0.340
 45.900  -0.350
 45.910  -0.359
 45.920  -0.368
 45.930  -0.378
 45.940  -0.387
 45.950  -0.396
 45.960  -0.405
 45.970  -0.414
 45.980  -0.423
 45.990  -0.432
 46.000  -0.441
 46.010  -0.450
 46.020  -0.459
 46.030  -0.468
 46.040  -0.477
 46.050  -0.486
 46.060  -0.494
 46.070  -0.503
 46.080  -0.512
 46.090  -0.520
 46.100  -0.529
 46.110  -0.537
 46.120  -0.546
 46.130  -0.554
 46.140  -0.562
 46.150  -0.570
 46.160  -0.579
 46.170  -0.587
 46.180  -0.595
 46.190  -0.603
 46.200  -0.611
 46.210  -0.619
 46.220  -0.627
 46.230  -0.634
 46.240  -0.642
 46.250  -0.650
 46.260  -0.657
 46.270  -0.665
 46.280  -0.672
 46.290  -0.680
 46.300  -0.687
 46.310  -0.694
 46.320  -0.701
 46.330  -0.708
 46.340  -0.715
 46.350  -0.722
 46.360  -0.729
 46.370  -0.736
 46.380  -0.743
 46.390  -0.749
 46.400  -0.756
 46.410  -0.762
 46.420  -0.769
 46.430  -0.775
 46.440  -0.782
 46.450  -0.788
 46.460  -0.794
 46.470  -0.800
 46.480  -0.806
 46.490  -0.812
 46.500  -0.818
 46.510  -0.823
 46.520  -0.829
 46.530  -0.834
 46.540  -0.840
 46.550  -0.845
 46.560  -0.851
 46.570  -0.856
 46.580  -0.861
 46.590  -0.866
 46.600  -0.871
 46.610  -0.876
 46.620  -0.881
 46.630  -0.885
 46.640  -0.890
 46.650  -0.894
 46.660  -0.899
 46.670  -0.903
 46.680  -0.907
 46.690  -0.912
 46.700  -0.916
 46.710  -0.920
 46.720  -0.923
 46.730  -0.927
 46.740  -0.931
 46.750  -0.935
 46.760  -0.938
 46.770  -0.942
 46.780  -0.945
 46.790  -0.948
 46.800  -0.951
 46.810  -0.954
 46.820  -0.957
 46.830  -0.960
 46.840  -0.963
 46.850  -0.965
 46.860  -0.968
 46.870  -0.970
 46.880  -0.973
 46.890  -0.975
 46.900  -0.977
 46.910  -0.979
 46.920  -0.981
 46.930  -0.983
 46.940  -0.985
 46.950  -0.987
 46.960  -0.988
 46.970  -0.990
 46.980  -0.991
 46.990  -0.992
 47.000  -0.994
 47.010  -0.995
 47.020  -0.996
 47.030  -0.996
 47.040  -0.997
 47.050  -0.998
 47.060  -0.999
 47.070  -0.999
 47.080  -0.999
 47.090  -1.000
 47.100  -1.000
 47.110  -1.000
 47.120  -1.000
 47.130  -1.000
 47.140  -1.000
 47.150  -0.999
 47.160  -0.999
 47.170  -0.998
 47.180  -0.998
 47.190  -0.997
 47.200  -0.996
 47.210  -0.995
 47.220  -0.994
 47.230  -0.993
 47.240  -0.992
 47.250  -0.991
 47.260  -0.989
 47.270  -0.988
 47.280  -0.986
 47.290  -0.984
 47.300  -0.983
 47.310  -0.981
 47.320  -0.979
 47.330  -0.977
 47.340  -0.975
 47.350  -0.972
 47.360  -0.970
 47.370  -0.967
 47.380  -0.965
 47.390  -0.962
 47.400  -0.959
 47.410  -0.956
 47.420  -0.953
 47.430  -0.950
 47.440  -0.947
 47.450  -0.944
 47.460  -0.941
 47.470  -0.937
 47.480  -0.934
 47.490  -0.930
 47.500  -0.926
 47.510  -0.922
 47.520  -0.919
 47.530  -0.915
 47.540  -0.910
 47.550  -0.906
 47.560  -0.902
 47.570  -0.898
 47.580  -0.893
 47.590  -0.889
 47.600  -0.884
 47.610  -0.879
 47.620  -0.875
 47.630  -0.870
 47.640  -0.865
 47.650  -0.860
 47.660  -0.854
 47.670  -0.849
 47.680  -0.844
 47.690  -0.838
 47.700  -0.833
 47.710  -0.827
 47.720  -0.822
 47.730  -0.816
 47.740  -0.810
 47.750  -0.804
 47.760  -0.798
 47.770  -0.792
 47.780  -0.786
 47.790  -0.780
 47.800  -0.774
 47.810  -0.767
 47.820  -0.761
 47.830  -0.754
 47.840  -0.748
 47.850  -0.741
 47.860  -0.734
 47.870  -0.727
 47.880  -0.720
 47.890  -0.714
 47.900  -0.706
 47.910  -0.699
 47.920  -0.692
 47.930  -0.685
 47.940  -0.678
 47.950  -0.670
 47.960  -0.663
 47.970  -0.655
 47.980  -0.648
 47.990  -0.640
 48.000  -0.632
 48.010  -0.624
 48.020  -0.617
 48.030  -0.609
 48.040  -0.601
 48.050  -0.593
 48.060  -0.585
 48.070  -0.577
 48.080  -0.568
 48.090  -0.560
 48.100  -0.552
 48.110  -0.543
 48.120  -0.535
 48.130  -0.527
 48.140  -0.518
 48.150  -0.509
 48.160  -0.501
 48.170  -0.492
 48.180  -0.483
 48.190  -0.475
 48.200  -0.466
 48.210  -0.457
 48.220  -0.448
 48.230  -0.439
 48.240  -0.430
 48.250  -0.421
 48.260  -0.412
 48.270  -0.403
 48.280  -0.394
 48.290  -0.384
 48.300  -0.375
 48.310  -0.366
 48.320  -0.356
 48.330  -0.347
 48.340  -0.338
 48.350  -0.328
 48.360  -0.319
 48.370  -0.309
 48.380  -0.300
 48.390  -0.290
 48.400  -0.281
 48.410  -0.271
 48.420  -0.261
 48.430  -0.252
 48.440  -0.242
 48.450  -0.232
 48.460  -0.223
 48.470  -0.213
 48.480  -0.203
 48.490  -0.193
 48.500  -0.183
 48.510  -0.174
 48.520  -0.164
 48.530  -0.154
 48.540  -0.144
 48.550  -0.134
 48.560  -0.124
 48.570  -0.114
 48.580  -0.104
 48.590  -0.094
 48.600  -0.084
 48.610  -0.074
 48.620  -0.064
 48.630  -0.054
 48.640  -0.044
 48.650  -0.034
 48.660  -0.024
 48.670  -0.014
 48.680  -0.004
 48.690   0.006
 48.700   0.016
 48.710   0.026
 48.720   0.036
 48.730   0.046
 48.740   0.055
 48.750   0.065
 48.760   0.075
 48.770   0.085
 48.780   0.095
 48.790   0.105
 48.800   0.115
 48.810   0.125
 48.820   0.135
 48.830   0.145
 48.840   0.155
 48.850   0.165
 48.860   0.175
 48.870   0.184
 48.880   0.194
 48.890   0.204
 48.900   0.214
 48.910   0.224
 48.920   0.233
 48.930   0.243
 48.940   0.253
 48.950   0.262
 48.960   0.272
 48.970   0.282
 48.980   0.291
 48.990   0.301
 49.000   0.310
 49.010   0.320
 49.020   0.329
 49.030   0.339
 49.040   0.348
 49.050   0.357
 49.060   0.367
 49.070   0.376
 49.080   0.385
 49.090   0.394
 49.100   0.404
 49.110   0.413
 49.120   0.422
 49.130   0.431
 49.140   0.440
 49.150   0.449
 49.160   0.458
 49.170   0.467
 49.180   0.475
 49.190   0.484
 49.200   0.493
 49.210   0.502
 49.220   0.510
 49.230   0.519
 49.240   0.527
 49.250   0.536
 49.260   0.544
 49.270   0.553
 49.280   0.561
 49.290   0.569
 49.300   0.577
 49.310   0.586
 49.320   0.594
 49.330   0.602
 49.340   0.610
 49.350   0.617
 49.360   0.625
 49.370   0.633
 49.380   0.641
 49.390   0.648
 49.400   0.656
 49.410   0.664
 49.420   0.671
 49.430   0.678
 49.440   0.686
 49.450   0.693
 49.460   0.700
 49.470   0.707
 49.480   0.714
 49.490   0.721
 49.500   0.728
 49.510   0.735
 49.520   0.742
 49.530   0.748
 49.540   0.755
 49.550   0.761
 49.560   0.768
 49.570   0.774
 49.580   0.781
 49.590   0.787
 49.600   0.793
 49.610   0.799
 49.620   0.805
 49.630   0.811
 49.640   0.817
 49.650   0.822
 49.660   0.828
 49.670   0.834
 49.680   0.839
 49.690   0.844
 49.700   0.850
 49.710   0.855
 49.720   0.860
 49.730   0.865
 49.740   0.870
 49.750   0.875
 49.760   0.880
 49.770   0.885
 49.780   0.889
 49.790   0.894
 49.800   0.898
 49.810   0.902
 49.820   0.907
 49.830   0.911
 49.840   0.915
 49.850   0.919
 49.860   0.923
 49.870   0.927
 49.880   0.930
 49.890   0.934
 49.900   0.938
 49.910   0.941
 49.920   0.944
 49.930   0.948
 49.940   0.951
 49.950   0.954
 49.960   0.957
 49.970   0.960
 49.980   0.962
 49.990   0.965
