4.200000 0.555925
1.500000 1.017615
4.900000 0.992831
-1.700000 0.072654
2.900000 0.525152
7.000000 5.211898
1.200000 1.121522
2.600000 0.609826
2.700000 0.579199
4.100000 0.522081
0.900000 1.207789
-0.200000 1.249070
4.700000 0.829444
2.100000 0.787605
4.000000 0.494525
5.100000 1.190479
6.300000 3.223250
1.700000 0.942337
7.400000 6.661856
2.900000 0.525152
3.600000 0.441507
2.800000 0.550880
1.900000 0.864908
1.600000 0.980387
4.300000 0.596344
6.900000 4.886466
2.200000 0.749711
1.400000 1.053737
6.600000 3.994555
1.300000 1.088467
5.000000 1.087231
3.700000 0.446750
-1.900000 -0.236801
5.700000 2.011735
6.300000 3.223250
0.000000 1.283952
2.400000 0.676861
1.500000 1.017615
-2.400000 -1.204034
5.300000 1.424662
2.800000 0.550880
-2.100000 -0.589369
1.500000 1.017615
4.100000 0.522081
3.300000 0.453842
1.400000 1.053737
1.800000 0.903749
6.300000 3.223250
2.700000 0.579199
4.600000 0.759886
2.000000 0.826099
-0.700000 1.052898
0.500000 1.282099
1.100000 1.152617
6.100000 2.772257
7.000000 5.211898
1.700000 0.942337
0.400000 1.291509
4.800000 0.906997
1.700000 0.942337
5.500000 1.697655
6.100000 2.772257
4.200000 0.555925
2.900000 0.525152
2.700000 0.579199
-0.500000 1.151470
2.900000 0.525152
4.500000 0.698040
4.600000 0.759886
2.200000 0.749711
2.200000 0.749711
3.800000 0.457144
3.400000 0.445337
-0.700000 1.052898
6.300000 3.223250
4.100000 0.522081
2.500000 0.642474
2.300000 0.712701
1.600000 0.980387
-2.000000 -0.407554
2.400000 0.676861
1.200000 1.121522
2.800000 0.550880
2.600000 0.609826
-0.500000 1.151470
2.100000 0.787605
1.500000 1.017615
-0.400000 1.190420
2.400000 0.676861
0.900000 1.207789
1.900000 0.864908
7.400000 6.661856
1.300000 1.088467
1.300000 1.088467
0.200000 1.297339
3.800000 0.457144
0.800000 1.231298
4.600000 0.759886
-0.800000 0.992708
-0.100000 1.269340
