0	122.99384
1	119.16028
2	115.43216
3	111.72598
4	108.02365
5	104.34917
6	100.73263
7	97.19595
8	93.75271
9	90.41070
10	87.17384
11	84.04372
12	81.02038
13	78.10265
14	75.28886
15	72.57678
16	69.96387
17	67.44742
18	65.02463
19	62.69255
20	60.44826
21	58.28889
22	56.21148
23	54.21321
24	52.29129
25	50.44297
26	48.66556
27	46.95652
28	45.31328
29	43.73339
30	42.21452
31	40.75434
32	39.35063
33	38.00126
34	36.70414
35	35.45729
36	34.25877
37	33.10674
38	31.99937
39	30.93494
40	29.91182
41	28.92837
42	27.98306
43	27.07439
44	26.20094
45	25.36133
46	24.55422
47	23.77835
48	23.03249
49	22.31544
50	21.62608
51	20.96331
52	20.32607
53	19.71336
54	19.12421
55	18.55766
56	18.01282
57	17.48883
58	16.98485
59	16.50009
60	16.03375
61	15.58512
62	15.15346
63	14.73811
64	14.33838
65	13.95366
66	13.58333
67	13.22680
68	12.88351
69	12.55291
70	12.23448
71	11.92772
72	11.63214
73	11.34727
74	11.07268
75	10.80792
76	10.55258
77	10.30625
78	10.06856
79	9.83914
80	9.61763
81	9.40367
82	9.19695
83	8.99715
84	8.80395
85	8.61707
86	8.43622
87	8.26111
88	8.09151
89	7.92714
90	7.76776
91	7.61315
92	7.46306
93	7.31730
94	7.17564
95	7.03790
96	6.90387
97	6.77338
98	6.64625
99	6.52230
100	6.40140
101	6.28337
102	6.16807
103	6.05538
104	5.94515
105	5.83728
106	5.73164
107	5.62813
108	5.52666
109	5.42713
110	5.32946
111	5.23357
112	5.13941
113	5.04691
114	4.95602
115	4.86669
116	4.77890
117	4.69260
118	4.60778
119	4.52441
120	4.44248
121	4.36198
122	4.28291
123	4.20525
124	4.12902
125	4.05420
126	3.98080
127	3.90881
128	3.83823
129	3.76906
130	3.70129
131	3.63492
132	3.56993
133	3.50631
134	3.44404
135	3.38311
136	3.32349
137	3.26516
138	3.20811
139	3.15231
140	3.09773
141	3.04435
142	2.99215
143	2.94110
144	2.89117
145	2.84235
146	2.79461
147	2.74793
148	2.70228
149	2.65765
150	2.61402
151	2.57136
152	2.52966
153	2.48889
154	2.44905
155	2.41010
156	2.37205
157	2.33486
158	2.29851
159	2.26301
160	2.22832
161	2.19444
162	2.16134
163	2.12901
164	2.09745
165	2.06662
166	2.03651
167	2.00713
168	1.97843
169	1.95043
170	1.92309
171	1.89641
172	1.87037
173	1.84496
174	1.82016
175	1.79597
176	1.77237
177	1.74934
178	1.72688
179	1.70497
180	1.68360
181	1.66276
182	1.64244
183	1.62262
184	1.60329
185	1.58445
186	1.56608
187	1.54817
188	1.53071
189	1.51369
190	1.49710
191	1.48093
192	1.46516
193	1.44980
194	1.43483
195	1.42024
196	1.40603
197	1.39217
198	1.37867
199	1.36552
200	1.35271
201	1.34022
202	1.32806
203	1.31621
204	1.30467
205	1.29342
206	1.28247
207	1.27180
208	1.26141
209	1.25128
210	1.24142
211	1.23182
212	1.22247
213	1.21336
214	1.20449
215	1.19585
216	1.18744
217	1.17925
218	1.17127
219	1.16350
220	1.15594
221	1.14858
222	1.14140
223	1.13442
224	1.12762
225	1.12100
226	1.11456
227	1.10828
228	1.10217
229	1.09623
230	1.09044
231	1.08480
232	1.07931
233	1.07397
234	1.06877
235	1.06371
236	1.05878
237	1.05398
238	1.04931
239	1.04476
240	1.04034
241	1.03603
242	1.03184
243	1.02775
244	1.02378
245	1.01991
246	1.01615
247	1.01248
248	1.00892
249	1.00545
250	1.00207
251	0.99878
252	0.99558
253	0.99246
254	0.98943
255	0.98648
256	0.98360
257	0.98081
258	0.97809
259	0.97544
260	0.97286
261	0.97035
262	0.96791
263	0.96553
264	0.96322
265	0.96097
266	0.95878
267	0.95665
268	0.95457
269	0.95255
270	0.95059
271	0.94867
272	0.94681
273	0.94500
274	0.94324
275	0.94152
276	0.93985
277	0.93822
278	0.93664
279	0.93510
280	0.93360
281	0.93215
282	0.93073
283	0.92935
284	0.92800
285	0.92669
286	0.92542
287	0.92418
288	0.92298
289	0.92180
290	0.92066
291	0.91955
292	0.91847
293	0.91741
294	0.91639
295	0.91539
296	0.91442
297	0.91348
298	0.91256
299	0.91166
300	0.91079
301	0.90994
302	0.90912
303	0.90832
304	0.90754
305	0.90677
306	0.90603
307	0.90531
308	0.90461
309	0.90393
310	0.90327
311	0.90262
312	0.90199
313	0.90138
314	0.90078
315	0.90020
316	0.89964
317	0.89909
318	0.89855
319	0.89803
320	0.89752
321	0.89703
322	0.89655
323	0.89608
324	0.89563
325	0.89518
326	0.89475
327	0.89433
328	0.89393
329	0.89353
330	0.89314
331	0.89276
332	0.89240
333	0.89204
334	0.89169
335	0.89135
336	0.89102
337	0.89070
338	0.89039
339	0.89008
340	0.88979
341	0.88950
342	0.88922
343	0.88895
344	0.88868
345	0.88842
346	0.88817
347	0.88792
348	0.88768
349	0.88745
350	0.88722
351	0.88700
352	0.88678
353	0.88658
354	0.88637
355	0.88617
356	0.88598
357	0.88579
358	0.88561
359	0.88543
360	0.88525
361	0.88508
362	0.88492
363	0.88476
364	0.88460
365	0.88444
366	0.88430
367	0.88415
368	0.88401
369	0.88387
370	0.88374
371	0.88360
372	0.88348
373	0.88335
374	0.88323
375	0.88311
376	0.88300
377	0.88289
378	0.88278
379	0.88267
380	0.88257
381	0.88246
382	0.88236
383	0.88227
384	0.88217
385	0.88208
386	0.88199
387	0.88191
388	0.88182
389	0.88174
390	0.88166
391	0.88158
392	0.88150
393	0.88143
394	0.88135
395	0.88128
396	0.88121
397	0.88114
398	0.88108
399	0.88101
400	0.88095
401	0.88089
402	0.88083
403	0.88077
404	0.88071
405	0.88065
406	0.88060
407	0.88054
408	0.88049
409	0.88044
410	0.88039
411	0.88034
412	0.88029
413	0.88025
414	0.88020
415	0.88016
416	0.88011
417	0.88007
418	0.88003
419	0.87999
420	0.87995
421	0.87991
422	0.87987
423	0.87983
424	0.87980
425	0.87976
426	0.87972
427	0.87969
428	0.87966
429	0.87962
430	0.87959
431	0.87956
432	0.87953
433	0.87950
434	0.87947
435	0.87944
436	0.87941
437	0.87938
438	0.87936
439	0.87933
440	0.87930
441	0.87928
442	0.87925
443	0.87923
444	0.87920
445	0.87918
446	0.87915
447	0.87913
448	0.87911
449	0.87909
450	0.87907
451	0.87904
452	0.87902
453	0.87900
454	0.87898
455	0.87896
456	0.87894
457	0.87892
458	0.87890
459	0.87888
460	0.87887
461	0.87885
462	0.87883
463	0.87881
464	0.87879
465	0.87878
466	0.87876
467	0.87874
468	0.87873
469	0.87871
470	0.87869
471	0.87868
472	0.87866
473	0.87865
474	0.87863
475	0.87862
476	0.87860
477	0.87859
478	0.87857
479	0.87856
480	0.87855
481	0.87853
482	0.87852
483	0.87850
484	0.87849
485	0.87848
486	0.87847
487	0.87845
488	0.87844
489	0.87843
490	0.87841
491	0.87840
492	0.87839
493	0.87838
494	0.87837
495	0.87835
496	0.87834
497	0.87833
498	0.87832
499	0.87831
500	0.87829
501	0.87828
502	0.87827
503	0.87826
504	0.87825
505	0.87824
506	0.87823
507	0.87822
508	0.87821
509	0.87820
510	0.87819
511	0.87817
512	0.87816
513	0.87815
514	0.87814
515	0.87813
516	0.87812
517	0.87811
518	0.87810
519	0.87809
520	0.87808
521	0.87807
522	0.87806
523	0.87805
524	0.87804
525	0.87804
526	0.87803
527	0.87802
528	0.87801
529	0.87800
530	0.87799
531	0.87798
532	0.87797
533	0.87796
534	0.87795
535	0.87794
536	0.87793
537	0.87792
538	0.87791
539	0.87790
540	0.87789
541	0.87789
542	0.87788
543	0.87787
544	0.87786
545	0.87785
546	0.87784
547	0.87783
548	0.87782
549	0.87781
550	0.87781
551	0.87780
552	0.87779
553	0.87778
554	0.87777
555	0.87776
556	0.87775
557	0.87775
558	0.87774
559	0.87773
560	0.87772
561	0.87771
562	0.87770
563	0.87769
564	0.87769
565	0.87768
566	0.87767
567	0.87766
568	0.87765
569	0.87764
570	0.87763
571	0.87763
572	0.87762
573	0.87761
574	0.87760
575	0.87759
576	0.87758
577	0.87758
578	0.87757
579	0.87756
580	0.87755
581	0.87754
582	0.87753
583	0.87753
584	0.87752
585	0.87751
586	0.87750
587	0.87749
588	0.87749
589	0.87748
590	0.87747
591	0.87746
592	0.87745
593	0.87744
594	0.87744
595	0.87743
596	0.87742
597	0.87741
598	0.87740
599	0.87740
600	0.87739
601	0.87738
602	0.87737
603	0.87736
604	0.87736
605	0.87735
606	0.87734
607	0.87733
608	0.87732
609	0.87731
610	0.87731
611	0.87730
612	0.87729
613	0.87728
614	0.87727
615	0.87727
616	0.87726
617	0.87725
618	0.87724
619	0.87723
620	0.87723
621	0.87722
622	0.87721
623	0.87720
624	0.87719
625	0.87719
626	0.87718
627	0.87717
628	0.87716
629	0.87715
630	0.87715
631	0.87714
632	0.87713
633	0.87712
634	0.87711
635	0.87711
636	0.87710
637	0.87709
638	0.87708
639	0.87707
640	0.87707
641	0.87706
642	0.87705
643	0.87704
644	0.87703
645	0.87703
646	0.87702
647	0.87701
648	0.87700
649	0.87699
650	0.87699
651	0.87698
652	0.87697
653	0.87696
654	0.87695
655	0.87695
656	0.87694
657	0.87693
658	0.87692
659	0.87691
660	0.87691
661	0.87690
662	0.87689
663	0.87688
664	0.87687
665	0.87687
666	0.87686
667	0.87685
668	0.87684
669	0.87683
670	0.87683
671	0.87682
672	0.87681
673	0.87680
674	0.87680
675	0.87679
676	0.87678
677	0.87677
678	0.87676
679	0.87676
680	0.87675
681	0.87674
682	0.87673
683	0.87672
684	0.87672
685	0.87671
686	0.87670
687	0.87669
688	0.87668
689	0.87668
690	0.87667
691	0.87666
692	0.87665
693	0.87664
694	0.87664
695	0.87663
696	0.87662
697	0.87661
698	0.87660
699	0.87660
700	0.87659
701	0.87658
702	0.87657
703	0.87657
704	0.87656
705	0.87655
706	0.87654
707	0.87653
708	0.87653
709	0.87652
710	0.87651
711	0.87650
712	0.87649
713	0.87649
714	0.87648
715	0.87647
716	0.87646
717	0.87645
718	0.87645
719	0.87644
720	0.87643
721	0.87642
722	0.87641
723	0.87641
724	0.87640
725	0.87639
726	0.87638
727	0.87637
728	0.87637
729	0.87636
730	0.87635
731	0.87634
732	0.87633
733	0.87633
734	0.87632
735	0.87631
736	0.87630
737	0.87630
738	0.87629
739	0.87628
740	0.87627
741	0.87626
742	0.87626
743	0.87625
744	0.87624
745	0.87623
746	0.87622
747	0.87622
748	0.87621
749	0.87620
750	0.87619
751	0.87618
752	0.87618
753	0.87617
754	0.87616
755	0.87615
756	0.87614
757	0.87614
758	0.87613
759	0.87612
760	0.87611
761	0.87610
762	0.87610
763	0.87609
764	0.87608
765	0.87607
766	0.87606
767	0.87606
768	0.87605
769	0.87604
770	0.87603
771	0.87602
772	0.87602
773	0.87601
774	0.87600
775	0.87599
776	0.87599
777	0.87598
778	0.87597
779	0.87596
780	0.87595
781	0.87595
782	0.87594
783	0.87593
784	0.87592
785	0.87591
786	0.87591
787	0.87590
788	0.87589
789	0.87588
790	0.87587
791	0.87587
792	0.87586
793	0.87585
794	0.87584
795	0.87583
796	0.87583
797	0.87582
798	0.87581
799	0.87580
800	0.87579
801	0.87579
802	0.87578
803	0.87577
804	0.87576
805	0.87575
806	0.87575
807	0.87574
808	0.87573
809	0.87572
810	0.87571
811	0.87571
812	0.87570
813	0.87569
814	0.87568
815	0.87567
816	0.87567
817	0.87566
818	0.87565
819	0.87564
820	0.87563
821	0.87563
822	0.87562
823	0.87561
824	0.87560
825	0.87559
826	0.87559
827	0.87558
828	0.87557
829	0.87556
830	0.87555
831	0.87555
832	0.87554
833	0.87553
834	0.87552
835	0.87551
836	0.87551
837	0.87550
838	0.87549
839	0.87548
840	0.87547
841	0.87547
842	0.87546
843	0.87545
844	0.87544
845	0.87544
846	0.87543
847	0.87542
848	0.87541
849	0.87540
850	0.87540
851	0.87539
852	0.87538
853	0.87537
854	0.87536
855	0.87536
856	0.87535
857	0.87534
858	0.87533
859	0.87532
860	0.87532
861	0.87531
862	0.87530
863	0.87529
864	0.87528
865	0.87528
866	0.87527
867	0.87526
868	0.87525
869	0.87524
870	0.87524
871	0.87523
872	0.87522
873	0.87521
874	0.87520
875	0.87520
876	0.87519
877	0.87518
878	0.87517
879	0.87516
880	0.87516
881	0.87515
882	0.87514
883	0.87513
884	0.87512
885	0.87512
886	0.87511
887	0.87510
888	0.87509
889	0.87508
890	0.87508
891	0.87507
892	0.87506
893	0.87505
894	0.87504
895	0.87504
896	0.87503
897	0.87502
898	0.87501
899	0.87500
900	0.87500
901	0.87499
902	0.87498
903	0.87497
904	0.87496
905	0.87496
906	0.87495
907	0.87494
908	0.87493
909	0.87492
910	0.87492
911	0.87491
912	0.87490
913	0.87489
914	0.87488
915	0.87488
916	0.87487
917	0.87486
918	0.87485
919	0.87484
920	0.87484
921	0.87483
922	0.87482
923	0.87481
924	0.87480
925	0.87480
926	0.87479
927	0.87478
928	0.87477
929	0.87476
930	0.87476
931	0.87475
932	0.87474
933	0.87473
934	0.87472
935	0.87472
936	0.87471
937	0.87470
938	0.87469
939	0.87468
940	0.87468
941	0.87467
942	0.87466
943	0.87465
944	0.87464
945	0.87464
946	0.87463
947	0.87462
948	0.87461
949	0.87460
950	0.87460
951	0.87459
952	0.87458
953	0.87457
954	0.87456
955	0.87456
956	0.87455
957	0.87454
958	0.87453
959	0.87452
960	0.87452
961	0.87451
962	0.87450
963	0.87449
964	0.87448
965	0.87448
966	0.87447
967	0.87446
968	0.87445
969	0.87444
970	0.87444
971	0.87443
972	0.87442
973	0.87441
974	0.87440
975	0.87439
976	0.87439
977	0.87438
978	0.87437
979	0.87436
980	0.87435
981	0.87435
982	0.87434
983	0.87433
984	0.87432
985	0.87431
986	0.87431
987	0.87430
988	0.87429
989	0.87428
990	0.87427
991	0.87427
992	0.87426
993	0.87425
994	0.87424
995	0.87423
996	0.87423
997	0.87422
998	0.87421
999	0.87420
1000	0.87419
1001	0.87419
1002	0.87418
1003	0.87417
1004	0.87416
1005	0.87415
1006	0.87415
1007	0.87414
1008	0.87413
1009	0.87412
1010	0.87411
1011	0.87411
1012	0.87410
1013	0.87409
1014	0.87408
1015	0.87407
1016	0.87407
1017	0.87406
1018	0.87405
1019	0.87404
1020	0.87403
1021	0.87403
1022	0.87402
1023	0.87401
1024	0.87400
1025	0.87399
1026	0.87399
1027	0.87398
1028	0.87397
1029	0.87396
1030	0.87395
1031	0.87395
1032	0.87394
1033	0.87393
1034	0.87392
1035	0.87391
1036	0.87391
1037	0.87390
1038	0.87389
1039	0.87388
1040	0.87387
1041	0.87387
1042	0.87386
1043	0.87385
1044	0.87384
1045	0.87383
1046	0.87382
1047	0.87382
1048	0.87381
1049	0.87380
1050	0.87379
1051	0.87378
1052	0.87378
1053	0.87377
1054	0.87376
1055	0.87375
1056	0.87374
1057	0.87374
1058	0.87373
1059	0.87372
1060	0.87371
1061	0.87370
1062	0.87370
1063	0.87369
1064	0.87368
1065	0.87367
1066	0.87366
1067	0.87366
1068	0.87365
1069	0.87364
1070	0.87363
1071	0.87362
1072	0.87361
1073	0.87361
1074	0.87360
1075	0.87359
1076	0.87358
1077	0.87357
1078	0.87357
1079	0.87356
1080	0.87355
1081	0.87354
1082	0.87353
1083	0.87353
1084	0.87352
1085	0.87351
1086	0.87350
1087	0.87349
1088	0.87349
1089	0.87348
1090	0.87347
1091	0.87346
1092	0.87345
1093	0.87345
1094	0.87344
1095	0.87343
1096	0.87342
1097	0.87341
1098	0.87341
1099	0.87340
1100	0.87339
1101	0.87338
1102	0.87337
1103	0.87336
1104	0.87336
1105	0.87335
1106	0.87334
1107	0.87333
1108	0.87332
1109	0.87332
1110	0.87331
1111	0.87330
1112	0.87329
1113	0.87328
1114	0.87328
1115	0.87327
1116	0.87326
1117	0.87325
1118	0.87324
1119	0.87324
1120	0.87323
1121	0.87322
1122	0.87321
1123	0.87320
1124	0.87319
1125	0.87319
1126	0.87318
1127	0.87317
1128	0.87316
1129	0.87315
1130	0.87315
1131	0.87314
1132	0.87313
1133	0.87312
1134	0.87311
1135	0.87311
1136	0.87310
1137	0.87309
1138	0.87308
1139	0.87307
1140	0.87307
1141	0.87306
1142	0.87305
1143	0.87304
1144	0.87303
1145	0.87303
1146	0.87302
1147	0.87301
1148	0.87300
1149	0.87299
1150	0.87298
1151	0.87298
1152	0.87297
1153	0.87296
1154	0.87295
1155	0.87294
1156	0.87294
1157	0.87293
1158	0.87292
1159	0.87291
1160	0.87290
1161	0.87290
1162	0.87289
1163	0.87288
1164	0.87287
1165	0.87286
1166	0.87286
1167	0.87285
1168	0.87284
1169	0.87283
1170	0.87282
1171	0.87281
1172	0.87281
1173	0.87280
1174	0.87279
1175	0.87278
1176	0.87277
1177	0.87277
1178	0.87276
1179	0.87275
1180	0.87274
1181	0.87273
1182	0.87273
1183	0.87272
1184	0.87271
1185	0.87270
1186	0.87269
1187	0.87269
1188	0.87268
1189	0.87267
1190	0.87266
1191	0.87265
1192	0.87264
1193	0.87264
1194	0.87263
1195	0.87262
1196	0.87261
1197	0.87260
1198	0.87260
1199	0.87259
1200	0.87258
1201	0.87257
1202	0.87256
1203	0.87256
1204	0.87255
1205	0.87254
1206	0.87253
1207	0.87252
1208	0.87251
1209	0.87251
1210	0.87250
1211	0.87249
1212	0.87248
1213	0.87247
1214	0.87247
1215	0.87246
1216	0.87245
1217	0.87244
1218	0.87243
1219	0.87243
1220	0.87242
1221	0.87241
1222	0.87240
1223	0.87239
1224	0.87238
1225	0.87238
1226	0.87237
1227	0.87236
1228	0.87235
1229	0.87234
1230	0.87234
1231	0.87233
1232	0.87232
1233	0.87231
1234	0.87230
1235	0.87230
1236	0.87229
1237	0.87228
1238	0.87227
1239	0.87226
1240	0.87225
1241	0.87225
1242	0.87224
1243	0.87223
1244	0.87222
1245	0.87221
1246	0.87221
1247	0.87220
1248	0.87219
1249	0.87218
1250	0.87217
1251	0.87217
1252	0.87216
1253	0.87215
1254	0.87214
1255	0.87213
1256	0.87212
1257	0.87212
1258	0.87211
1259	0.87210
1260	0.87209
1261	0.87208
1262	0.87208
1263	0.87207
1264	0.87206
1265	0.87205
1266	0.87204
1267	0.87204
1268	0.87203
1269	0.87202
1270	0.87201
1271	0.87200
1272	0.87199
1273	0.87199
1274	0.87198
1275	0.87197
1276	0.87196
1277	0.87195
1278	0.87195
1279	0.87194
1280	0.87193
1281	0.87192
1282	0.87191
1283	0.87191
1284	0.87190
1285	0.87189
1286	0.87188
1287	0.87187
1288	0.87186
1289	0.87186
1290	0.87185
1291	0.87184
1292	0.87183
1293	0.87182
1294	0.87182
1295	0.87181
1296	0.87180
1297	0.87179
1298	0.87178
1299	0.87178
1300	0.87177
1301	0.87176
1302	0.87175
1303	0.87174
1304	0.87173
1305	0.87173
1306	0.87172
1307	0.87171
1308	0.87170
1309	0.87169
1310	0.87169
1311	0.87168
1312	0.87167
1313	0.87166
1314	0.87165
1315	0.87164
1316	0.87164
1317	0.87163
1318	0.87162
1319	0.87161
1320	0.87160
1321	0.87160
1322	0.87159
1323	0.87158
1324	0.87157
1325	0.87156
1326	0.87156
1327	0.87155
1328	0.87154
1329	0.87153
1330	0.87152
1331	0.87151
1332	0.87151
1333	0.87150
1334	0.87149
1335	0.87148
1336	0.87147
1337	0.87147
1338	0.87146
1339	0.87145
1340	0.87144
1341	0.87143
1342	0.87142
1343	0.87142
1344	0.87141
1345	0.87140
1346	0.87139
1347	0.87138
1348	0.87138
1349	0.87137
1350	0.87136
1351	0.87135
1352	0.87134
1353	0.87133
1354	0.87133
1355	0.87132
1356	0.87131
1357	0.87130
1358	0.87129
1359	0.87129
1360	0.87128
1361	0.87127
1362	0.87126
1363	0.87125
1364	0.87125
1365	0.87124
1366	0.87123
1367	0.87122
1368	0.87121
1369	0.87120
1370	0.87120
1371	0.87119
1372	0.87118
1373	0.87117
1374	0.87116
1375	0.87115
1376	0.87115
1377	0.87114
1378	0.87113
1379	0.87112
1380	0.87111
1381	0.87111
1382	0.87110
1383	0.87109
1384	0.87108
1385	0.87107
1386	0.87107
1387	0.87106
1388	0.87105
1389	0.87104
1390	0.87103
1391	0.87102
1392	0.87102
1393	0.87101
1394	0.87100
1395	0.87099
1396	0.87098
1397	0.87098
1398	0.87097
1399	0.87096
1400	0.87095
1401	0.87094
1402	0.87093
1403	0.87093
1404	0.87092
1405	0.87091
1406	0.87090
1407	0.87089
1408	0.87089
1409	0.87088
1410	0.87087
1411	0.87086
1412	0.87085
1413	0.87084
1414	0.87084
1415	0.87083
1416	0.87082
1417	0.87081
1418	0.87080
1419	0.87080
1420	0.87079
1421	0.87078
1422	0.87077
1423	0.87076
1424	0.87075
1425	0.87075
1426	0.87074
1427	0.87073
1428	0.87072
1429	0.87071
1430	0.87071
1431	0.87070
1432	0.87069
1433	0.87068
1434	0.87067
1435	0.87066
1436	0.87066
1437	0.87065
1438	0.87064
1439	0.87063
1440	0.87062
1441	0.87062
1442	0.87061
1443	0.87060
1444	0.87059
1445	0.87058
1446	0.87057
1447	0.87057
1448	0.87056
1449	0.87055
1450	0.87054
1451	0.87053
1452	0.87053
1453	0.87052
1454	0.87051
1455	0.87050
1456	0.87049
1457	0.87048
1458	0.87048
1459	0.87047
1460	0.87046
1461	0.87045
1462	0.87044
1463	0.87044
1464	0.87043
1465	0.87042
1466	0.87041
1467	0.87040
1468	0.87039
1469	0.87039
1470	0.87038
1471	0.87037
1472	0.87036
1473	0.87035
1474	0.87034
1475	0.87034
1476	0.87033
1477	0.87032
1478	0.87031
1479	0.87030
1480	0.87030
1481	0.87029
1482	0.87028
1483	0.87027
1484	0.87026
1485	0.87025
1486	0.87025
1487	0.87024
1488	0.87023
1489	0.87022
1490	0.87021
1491	0.87021
1492	0.87020
1493	0.87019
1494	0.87018
1495	0.87017
1496	0.87016
1497	0.87016
1498	0.87015
1499	0.87014
1500	0.87013
1501	0.87012
1502	0.87012
1503	0.87011
1504	0.87010
1505	0.87009
1506	0.87008
1507	0.87007
1508	0.87007
1509	0.87006
1510	0.87005
1511	0.87004
1512	0.87003
1513	0.87002
1514	0.87002
1515	0.87001
1516	0.87000
1517	0.86999
1518	0.86998
1519	0.86998
1520	0.86997
1521	0.86996
1522	0.86995
1523	0.86994
1524	0.86993
1525	0.86993
1526	0.86992
1527	0.86991
1528	0.86990
1529	0.86989
1530	0.86989
1531	0.86988
1532	0.86987
1533	0.86986
1534	0.86985
1535	0.86984
1536	0.86984
1537	0.86983
1538	0.86982
1539	0.86981
1540	0.86980
1541	0.86979
1542	0.86979
1543	0.86978
1544	0.86977
1545	0.86976
1546	0.86975
1547	0.86975
1548	0.86974
1549	0.86973
1550	0.86972
1551	0.86971
1552	0.86970
1553	0.86970
1554	0.86969
1555	0.86968
1556	0.86967
1557	0.86966
1558	0.86965
1559	0.86965
1560	0.86964
1561	0.86963
1562	0.86962
1563	0.86961
1564	0.86961
1565	0.86960
1566	0.86959
1567	0.86958
1568	0.86957
1569	0.86956
1570	0.86956
1571	0.86955
1572	0.86954
1573	0.86953
1574	0.86952
1575	0.86951
1576	0.86951
1577	0.86950
1578	0.86949
1579	0.86948
1580	0.86947
1581	0.86946
1582	0.86946
1583	0.86945
1584	0.86944
1585	0.86943
1586	0.86942
1587	0.86942
1588	0.86941
1589	0.86940
1590	0.86939
1591	0.86938
1592	0.86937
1593	0.86937
1594	0.86936
1595	0.86935
1596	0.86934
1597	0.86933
1598	0.86933
1599	0.86932
1600	0.86931
1601	0.86930
1602	0.86929
1603	0.86928
1604	0.86928
1605	0.86927
1606	0.86926
1607	0.86925
1608	0.86924
1609	0.86923
1610	0.86923
1611	0.86922
1612	0.86921
1613	0.86920
1614	0.86919
1615	0.86918
1616	0.86918
1617	0.86917
1618	0.86916
1619	0.86915
1620	0.86914
1621	0.86914
1622	0.86913
1623	0.86912
1624	0.86911
1625	0.86910
1626	0.86909
1627	0.86909
1628	0.86908
1629	0.86907
1630	0.86906
1631	0.86905
1632	0.86904
1633	0.86904
1634	0.86903
1635	0.86902
1636	0.86901
1637	0.86900
1638	0.86900
1639	0.86899
1640	0.86898
1641	0.86897
1642	0.86896
1643	0.86895
1644	0.86895
1645	0.86894
1646	0.86893
1647	0.86892
1648	0.86891
1649	0.86890
1650	0.86890
1651	0.86889
1652	0.86888
1653	0.86887
1654	0.86886
1655	0.86885
1656	0.86885
1657	0.86884
1658	0.86883
1659	0.86882
1660	0.86881
1661	0.86880
1662	0.86880
1663	0.86879
1664	0.86878
1665	0.86877
1666	0.86876
1667	0.86876
1668	0.86875
1669	0.86874
1670	0.86873
1671	0.86872
1672	0.86871
1673	0.86871
1674	0.86870
1675	0.86869
1676	0.86868
1677	0.86867
1678	0.86866
1679	0.86866
1680	0.86865
1681	0.86864
1682	0.86863
1683	0.86862
1684	0.86862
1685	0.86861
1686	0.86860
1687	0.86859
1688	0.86858
1689	0.86857
1690	0.86857
1691	0.86856
1692	0.86855
1693	0.86854
1694	0.86853
1695	0.86852
1696	0.86852
1697	0.86851
1698	0.86850
1699	0.86849
1700	0.86848
1701	0.86847
1702	0.86847
1703	0.86846
1704	0.86845
1705	0.86844
1706	0.86843
1707	0.86842
1708	0.86842
1709	0.86841
1710	0.86840
1711	0.86839
1712	0.86838
1713	0.86838
1714	0.86837
1715	0.86836
1716	0.86835
1717	0.86834
1718	0.86833
1719	0.86833
1720	0.86832
1721	0.86831
1722	0.86830
1723	0.86829
1724	0.86828
1725	0.86828
1726	0.86827
1727	0.86826
1728	0.86825
1729	0.86824
1730	0.86823
1731	0.86823
1732	0.86822
1733	0.86821
1734	0.86820
1735	0.86819
1736	0.86818
1737	0.86818
1738	0.86817
1739	0.86816
1740	0.86815
1741	0.86814
1742	0.86813
1743	0.86813
1744	0.86812
1745	0.86811
1746	0.86810
1747	0.86809
1748	0.86809
1749	0.86808
1750	0.86807
1751	0.86806
1752	0.86805
1753	0.86804
1754	0.86804
1755	0.86803
1756	0.86802
1757	0.86801
1758	0.86800
1759	0.86799
1760	0.86799
1761	0.86798
1762	0.86797
1763	0.86796
1764	0.86795
1765	0.86794
1766	0.86794
1767	0.86793
1768	0.86792
1769	0.86791
1770	0.86790
1771	0.86789
1772	0.86789
1773	0.86788
1774	0.86787
1775	0.86786
1776	0.86785
1777	0.86784
1778	0.86784
1779	0.86783
1780	0.86782
1781	0.86781
1782	0.86780
1783	0.86779
1784	0.86779
1785	0.86778
1786	0.86777
1787	0.86776
1788	0.86775
1789	0.86774
1790	0.86774
1791	0.86773
1792	0.86772
1793	0.86771
1794	0.86770
1795	0.86769
1796	0.86769
1797	0.86768
1798	0.86767
1799	0.86766
1800	0.86765
1801	0.86764
1802	0.86764
1803	0.86763
1804	0.86762
1805	0.86761
1806	0.86760
1807	0.86759
1808	0.86759
1809	0.86758
1810	0.86757
1811	0.86756
1812	0.86755
1813	0.86755
1814	0.86754
1815	0.86753
1816	0.86752
1817	0.86751
1818	0.86750
1819	0.86750
1820	0.86749
1821	0.86748
1822	0.86747
1823	0.86746
1824	0.86745
1825	0.86745
1826	0.86744
1827	0.86743
1828	0.86742
1829	0.86741
1830	0.86740
1831	0.86740
1832	0.86739
1833	0.86738
1834	0.86737
1835	0.86736
1836	0.86735
1837	0.86735
1838	0.86734
1839	0.86733
1840	0.86732
1841	0.86731
1842	0.86730
1843	0.86730
1844	0.86729
1845	0.86728
1846	0.86727
1847	0.86726
1848	0.86725
1849	0.86725
1850	0.86724
1851	0.86723
1852	0.86722
1853	0.86721
1854	0.86720
1855	0.86720
1856	0.86719
1857	0.86718
1858	0.86717
1859	0.86716
1860	0.86715
1861	0.86715
1862	0.86714
1863	0.86713
1864	0.86712
1865	0.86711
1866	0.86710
1867	0.86710
1868	0.86709
1869	0.86708
1870	0.86707
1871	0.86706
1872	0.86705
1873	0.86705
1874	0.86704
1875	0.86703
1876	0.86702
1877	0.86701
1878	0.86700
1879	0.86700
1880	0.86699
1881	0.86698
1882	0.86697
1883	0.86696
1884	0.86695
1885	0.86695
1886	0.86694
1887	0.86693
1888	0.86692
1889	0.86691
1890	0.86690
1891	0.86690
1892	0.86689
1893	0.86688
1894	0.86687
1895	0.86686
1896	0.86685
1897	0.86685
1898	0.86684
1899	0.86683
1900	0.86682
1901	0.86681
1902	0.86680
1903	0.86680
1904	0.86679
1905	0.86678
1906	0.86677
1907	0.86676
1908	0.86675
1909	0.86675
1910	0.86674
1911	0.86673
1912	0.86672
1913	0.86671
1914	0.86670
1915	0.86670
1916	0.86669
1917	0.86668
1918	0.86667
1919	0.86666
1920	0.86665
1921	0.86665
1922	0.86664
1923	0.86663
1924	0.86662
1925	0.86661
1926	0.86660
1927	0.86660
1928	0.86659
1929	0.86658
1930	0.86657
1931	0.86656
1932	0.86655
1933	0.86655
1934	0.86654
1935	0.86653
1936	0.86652
1937	0.86651
1938	0.86650
1939	0.86650
1940	0.86649
1941	0.86648
1942	0.86647
1943	0.86646
1944	0.86645
1945	0.86645
1946	0.86644
1947	0.86643
1948	0.86642
1949	0.86641
1950	0.86640
1951	0.86640
1952	0.86639
1953	0.86638
1954	0.86637
1955	0.86636
1956	0.86635
1957	0.86635
1958	0.86634
1959	0.86633
1960	0.86632
1961	0.86631
1962	0.86630
1963	0.86630
1964	0.86629
1965	0.86628
1966	0.86627
1967	0.86626
1968	0.86625
1969	0.86625
1970	0.86624
1971	0.86623
1972	0.86622
1973	0.86621
1974	0.86620
1975	0.86619
1976	0.86619
1977	0.86618
1978	0.86617
1979	0.86616
1980	0.86615
1981	0.86614
1982	0.86614
1983	0.86613
1984	0.86612
1985	0.86611
1986	0.86610
1987	0.86609
1988	0.86609
1989	0.86608
1990	0.86607
1991	0.86606
1992	0.86605
1993	0.86604
1994	0.86604
1995	0.86603
1996	0.86602
1997	0.86601
1998	0.86600
1999	0.86599
